0.000000000000000000e+00
4.040100215480561085e-19
1.076825259913628632e-17
2.197871876770167450e-16
1.931766447635246485e-16
-1.073156770151864632e-16
-3.593831736342597624e-16
1.100851501052873576e-16
2.971309557494003413e-16
6.562497741719719588e-16
-6.269212630816040795e-16
-1.071706062592252854e-16
4.202915416326550672e-16
-1.030544496193572146e-15
-1.379565694942858799e-16
-7.205061729168603078e-33
-1.277573190407641889e-15
-1.635294854576654154e-15
7.542726559593611033e-16
-5.822968051640591408e-33
4.268392750137212811e-16
-3.594968605904118486e-16
-3.036609105381353424e-16
-1.209867250180629847e-16
2.220945614883667525e-17
1.240272519829353437e-16
2.668623971313317959e-16
-3.494202703287465575e-16
7.159452859989735280e-17
-2.845595166758244755e-16
8.694468558835623077e-16
6.460657217413129503e-33
1.994293475434286048e-16
8.974288735974955128e-16
-3.630150353934581684e-16
-6.120214524092821478e-16
1.030544496193584570e-15
-8.701895824611100172e-17
4.976412495345576774e-16
1.345928876748283958e-15
-1.640624435522207888e-16
3.634833475811889902e-33
2.358822920960804497e-17
-1.197943912114257797e-16
2.022105081927873041e-16
1.661330647022720763e-16
-1.318723126061956059e-16
-7.192298694304603018e-17
9.301200496711426856e-18
7.784805767951789064e-32
0.000000000000000000e+00
1.019947426277188762e-01
2.033407183598748835e-01
3.032739247634734792e-01
4.008158925864924726e-01
4.947050197427839691e-01
5.833701608405791328e-01
6.649539318317596592e-01
7.373877728739133275e-01
7.985145547144747447e-01
8.462479695324834905e-01
8.787518854872067298e-01
8.946181854677537348e-01
8.930193217081269230e-01
8.738127144662605206e-01
8.375786780518580388e-01
7.855816780237121488e-01
7.196556157602659320e-01
6.420259800730871991e-01
5.550930121947432738e-01
4.612081947447844166e-01
3.624793601228682993e-01
2.606363065281244729e-01
1.569790453839229050e-01
5.241614975867678328e-02
-5.241614975867330689e-02
-1.569790453827265286e-01
-2.606363065279176938e-01
-3.624793601083154404e-01
-4.612081947443414376e-01
-5.550930121890873536e-01
-6.420259800864803745e-01
-7.196556157916685903e-01
-7.855816780237225849e-01
-8.375786780786654839e-01
-8.738127145108061100e-01
-8.930193217222428537e-01
-8.946181854677659473e-01
-8.787518854840794535e-01
-8.462479695329125917e-01
-7.985145547129998134e-01
-7.373877728758713168e-01
-6.649539318323763881e-01
-5.833701608560311058e-01
-4.947050197449148756e-01
-4.008158925896579405e-01
-3.032739247664174020e-01
-2.033407183647681082e-01
-1.019947426277162672e-01
-1.950195616526387148e-16
0.000000000000000000e+00
1.842899613075890397e-01
3.635512206062975760e-01
5.328242121669455322e-01
6.873042374929346776e-01
8.224574511603536253e-01
9.341751367715046550e-01
1.018966493115969651e+00
1.074180922990830567e+00
1.098241242830076292e+00
1.090860625442130249e+00
1.053209933679319033e+00
9.879998995504568615e-01
8.994456025886203854e-01
7.930896362087718199e-01
6.754751342370211020e-01
5.536792954390918897e-01
4.347399004122069477e-01
3.250282738275332428e-01
2.296383655919438382e-01
1.518693841479523410e-01
9.287594563303551431e-02
5.154397216755198657e-02
2.462379168531337106e-02
7.117633130954078256e-03
-7.117633129687550575e-03
-2.462379171755469526e-02
-5.154397218335492886e-02
-9.287594567943405210e-02
-1.518693841180004389e-01
-2.296383655378722854e-01
-3.250282737269927225e-01
-4.347399003233327064e-01
-5.536792954754251594e-01
-6.754751341539374510e-01
-7.930896362382129361e-01
-8.994456025959312040e-01
-9.879998996014168755e-01
-1.053209933592865077e+00
-1.090860625441400389e+00
-1.098241242758855263e+00
-1.074180922925155324e+00
-1.018966493108181215e+00
-9.341751367219762736e-01
-8.224574511461073545e-01
-6.873042374723556946e-01
-5.328242121661637132e-01
-3.635512206099790755e-01
-1.842899613075920928e-01
-3.536180859798007577e-16
0.000000000000000000e+00
-4.059440184184958528e-02
-8.752252886103367713e-02
-1.467278031477254330e-01
-2.233765388423470388e-01
-3.214806213496444465e-01
-4.435402606998601893e-01
-5.902233971362903509e-01
-7.601046647681021229e-01
-9.494922060104231676e-01
-1.152373625619032893e+00
-1.360511639352383284e+00
-1.563714396407416496e+00
-1.750294386646360945e+00
-1.907713451267834426e+00
-2.023390808412147468e+00
-2.085628240202453743e+00
-2.084584578616291317e+00
-2.013214046264372392e+00
-1.868073206234039718e+00
-1.649902529872720347e+00
-1.363902146965827233e+00
-1.019647341298576038e+00
-6.306252962735402479e-01
-2.134162365043977272e-01
2.134162365029791675e-01
6.306252963054123084e-01
1.019647341255787598e+00
1.363902146976347485e+00
1.649902529806682061e+00
1.868073206366954064e+00
2.013214046186945883e+00
2.084584578804740129e+00
2.085628240014402834e+00
2.023390808466912105e+00
1.907713451159340323e+00
1.750294386600915297e+00
1.563714396427135611e+00
1.360511638242883459e+00
1.152373625657261647e+00
9.494922070648839085e-01
7.601046636937486278e-01
5.902233960971566828e-01
4.435402606526320235e-01
3.214806213904669585e-01
2.233765387915433998e-01
1.467278030998857563e-01
8.752252883918387738e-02
4.059440184182570160e-02
7.549830096197263896e-17
0.000000000000000000e+00
-6.098025505339573771e-01
-1.218805240364192244e+00
-1.825732484762125463e+00
-2.428381806195533343e+00
-3.023222152849645905e+00
-3.605067289892158744e+00
-4.166849837336209283e+00
-4.699520428382080617e+00
-5.192095155185389999e+00
-5.631867892668620534e+00
-6.004797801228979992e+00
-6.296071825973043268e+00
-6.490826602121106070e+00
-6.575002163429156887e+00
-6.536281173053941629e+00
-6.365054393321779358e+00
-6.055340562465492127e+00
-5.605583731759595345e+00
-5.019250371607665073e+00
-4.305158783725257621e+00
-3.477489318247387828e+00
-2.555448527453017427e+00
-1.562589564792940866e+00
-5.258224360548334753e-01
5.258224360556748023e-01
1.562589564792896235e+00
2.555448527452924168e+00
3.477489318254232131e+00
4.305158783730106187e+00
5.019250371607791195e+00
5.605583731723670304e+00
6.055340562450401087e+00
6.365054392849762266e+00
6.536281173052567617e+00
6.575002163798983723e+00
6.490826602121108735e+00
6.296071825966152780e+00
6.004797801245187472e+00
5.631867892658847019e+00
5.192095155180033395e+00
4.699520428282246698e+00
4.166849836226794501e+00
3.605067289884201998e+00
3.023222127891471267e+00
2.428381806208619764e+00
1.825732483695435393e+00
1.218805240366064302e+00
6.098025505309773164e-01
1.165010423951785980e-15
0.000000000000000000e+00
-1.257213500399324335e+00
-2.500029248212398691e+00
-3.713910615317855157e+00
-4.884065387371885336e+00
-5.995372358302596183e+00
-7.032370235234426836e+00
-7.979324842226172443e+00
-8.820386120139318109e+00
-9.539841303607252243e+00
-1.012246434249878924e+01
-1.055395431817191465e+01
-1.082144861764829180e+01
-1.091408856549852580e+01
-1.082360881754119220e+01
-1.054491577634117405e+01
-1.007661643953252906e+01
-9.421458238948298813e+00
-8.586640989878414842e+00
-7.583968385256248723e+00
-6.429812466996284392e+00
-5.144876795324214491e+00
-3.753755855617064263e+00
-2.284302328006618144e+00
-7.668275049284931644e-01
7.668275049285050438e-01
2.284302328005582972e+00
3.753755855617175285e+00
5.144876795323995999e+00
6.429812466976513541e+00
7.583968385235397847e+00
8.586640989878642216e+00
9.421458238947673536e+00
1.007661643956903141e+01
1.054491577634125044e+01
1.082360881754822834e+01
1.091408856548828687e+01
1.082144861766322030e+01
1.055395431812883800e+01
1.012246434249964722e+01
9.539841303546904072e+00
8.820386120093631988e+00
7.979324842228336045e+00
7.032370235256958146e+00
5.995372358303048266e+00
4.884065387381127721e+00
3.713910615321164954e+00
2.500029248209572064e+00
1.257213500399720019e+00
2.405983171679192911e-15
0.000000000000000000e+00
-1.674918462268711439e+00
-3.322393245300135245e+00
-4.915427401598894797e+00
-6.427910374699472129e+00
-7.835043611771228989e+00
-9.113745351433188091e+00
-1.024302810127882069e+01
-1.120434270799513321e+01
-1.198188340390555240e+01
-1.256284878413602790e+01
-1.293765432628139500e+01
-1.310009279896291368e+01
-1.304743971576147921e+01
-1.278050185954241158e+01
-1.230360782532115138e+01
-1.162454048452529776e+01
-1.075441225057413597e+01
-9.707485001411233938e+00
-8.500937473176838566e+00
-7.154583845670936526e+00
-5.690548179566322418e+00
-4.132899919445429227e+00
-2.507256744932005343e+00
-8.403612643362856627e-01
8.403612643362888823e-01
2.507256744940892013e+00
4.132899919459665838e+00
5.690548179497947778e+00
7.154583845695110966e+00
8.500937473159577706e+00
9.707485001426505278e+00
1.075441225057300443e+01
1.162454048452452682e+01
1.230360782531397490e+01
1.278050185954417906e+01
1.304743971576649919e+01
1.310009279898041079e+01
1.293765432625697009e+01
1.256284878414956729e+01
1.198188340389628337e+01
1.120434270798189758e+01
1.024302810125679741e+01
9.113745351427153807e+00
7.835043611779049400e+00
6.427910374693042606e+00
4.915427401599592017e+00
3.322393245299521070e+00
1.674918462268506714e+00
3.208034040728191831e-15
0.000000000000000000e+00
-1.743939466166838148e+00
-3.453548409236322669e+00
-5.095453160716088448e+00
-6.638149213770521584e+00
-8.052827536105631623e+00
-9.314079360846177380e+00
-1.040045212795824625e+01
-1.129483901035591842e+01
-1.198469495032364129e+01
-1.246208247025704807e+01
-1.272356005938623191e+01
-1.276993373056856562e+01
-1.260589828612218000e+01
-1.223959851534806553e+01
-1.168214175283823053e+01
-1.094709237913328970e+01
-1.004997626240663067e+01
-9.007818658334473483e+00
-7.838734093053286500e+00
-6.561580586587765218e+00
-5.195684719756559211e+00
-3.760637995164411773e+00
-2.276159609855395782e+00
-7.620160383972109930e-01
7.620160383970030482e-01
2.276159609856390986e+00
3.760637995170063697e+00
5.195684719760816250e+00
6.561580586591741593e+00
7.838734093061798802e+00
9.007818658340273288e+00
1.004997626241198461e+01
1.094709237913167144e+01
1.168214175284349210e+01
1.223959851534430499e+01
1.260589828616848074e+01
1.276993373056965630e+01
1.272356005938052981e+01
1.246208247028655336e+01
1.198469495030207455e+01
1.129483901035059823e+01
1.040045212797169505e+01
9.314079360845815003e+00
8.052827536116407003e+00
6.638149213769229284e+00
5.095453160723495856e+00
3.453548409235842609e+00
1.743939466166998908e+00
3.342096781775334033e-15
0.000000000000000000e+00
-1.539204131585428126e+00
-3.044311424445408587e+00
-4.482420761533924214e+00
-5.822952157768491510e+00
-7.038637478779099510e+00
-8.106323291454145874e+00
-9.007547918041549195e+00
-9.728872442000172427e+00
-1.026196368912733448e+01
-1.060344463141157867e+01
-1.075454163820189102e+01
-1.072057003001669884e+01
-1.051030512613722046e+01
-1.013528897794456718e+01
-9.609121349509221588e+00
-8.946778650313905956e+00
-8.163997341231437943e+00
-7.276749653884504454e+00
-6.300830031205936876e+00
-5.251561615608003386e+00
-4.143623508159711477e+00
-2.990992119052391818e+00
-1.806983765354043703e+00
-6.043807101338453114e-01
6.043807101322565822e-01
1.806983765368211481e+00
2.990992119046455677e+00
4.143623508136704103e+00
5.251561615596541444e+00
6.300830031211512861e+00
7.276749653945261187e+00
8.163997341205252667e+00
8.946778650306105973e+00
9.609121349504738063e+00
1.013528897798711448e+01
1.051030512613033530e+01
1.072057003101787487e+01
1.075454163822767839e+01
1.060344463141565008e+01
1.026196368961856287e+01
9.728872441964574236e+00
9.007547918039628954e+00
8.106323291454792468e+00
7.038637478783853041e+00
5.822952157779649696e+00
4.482420761522774022e+00
3.044311424440357072e+00
1.539204131592289526e+00
2.950972135225609798e-15
0.000000000000000000e+00
-1.207354063633274910e+00
-2.385622582728781360e+00
-3.506886249244472786e+00
-4.545480972061461067e+00
-5.478939579261147053e+00
-6.288729790133002595e+00
-6.960750270227292980e+00
-7.485567365781349736e+00
-7.858396174559818093e+00
-8.078848612030895993e+00
-8.150486608931403865e+00
-8.080229033407009709e+00
-7.877666355459916225e+00
-7.554337179604213581e+00
-7.123016797774067932e+00
-6.597060487085904867e+00
-5.989834849628885571e+00
-5.314260216503013723e+00
-4.582476932948964077e+00
-3.805639054754818673e+00
-2.993831054646639789e+00
-2.156096966996324138e+00
-1.300566302853100265e+00
-4.346580861284408681e-01
4.346580861284956021e-01
1.300566302832210308e+00
2.156096967031347234e+00
2.993831054630291977e+00
3.805639054764113016e+00
4.582476932922228130e+00
5.314260216480759524e+00
5.989834849611113121e+00
6.597060487062701206e+00
7.123016797902388397e+00
7.554337179665373547e+00
7.877666355472277893e+00
8.080229033257865012e+00
8.150486608944502720e+00
8.078848612084636116e+00
7.858396174513171850e+00
7.485567365773571069e+00
6.960750270190841249e+00
6.288729790163090527e+00
5.478939579243949254e+00
4.545480972062444280e+00
3.506886249235375175e+00
2.385622582728547769e+00
1.207354063633336638e+00
2.315506799840346992e-15
0.000000000000000000e+00
-8.678047997476826536e-01
-1.713329578766992212e+00
-2.515270684443664972e+00
-3.254207623105429992e+00
-3.913377644622387130e+00
-4.479268469653419515e+00
-4.941996833484670226e+00
-5.295460029727411921e+00
-5.537267013884216382e+00
-5.668472776384311018e+00
-5.693153092438423712e+00
-5.617864990223135457e+00
-5.451042173430606930e+00
-5.202372943166433394e+00
-4.882203372666717556e+00
-4.501000646636466485e+00
-4.068902470736015964e+00
-3.595368461291362117e+00
-3.088941351134819158e+00
-2.557117267764449586e+00
-2.006318845708563448e+00
-1.441959730938887185e+00
-8.685867407874005020e-01
-2.900832398400444156e-01
2.900832398362292452e-01
8.685867407791980632e-01
1.441959730944448959e+00
2.006318845706036136e+00
2.557117267759606793e+00
3.088941351157692417e+00
3.595368461289679018e+00
4.068902470720070497e+00
4.501000646636464708e+00
4.882203372647452966e+00
5.202372943160741059e+00
5.451042173467397944e+00
5.617864990212337872e+00
5.693153092426284090e+00
5.668472776355237386e+00
5.537267013884870970e+00
5.295460029729851748e+00
4.941996833483964124e+00
4.479268469649733575e+00
3.913377644621971907e+00
3.254207623109329983e+00
2.515270684449223193e+00
1.713329578770793837e+00
8.678047997495519361e-01
1.664753587678867927e-15
0.000000000000000000e+00
-5.828247273316348176e-01
-1.149887496398779962e+00
-1.686162825748751981e+00
-2.178043145755596655e+00
-2.613915872312641664e+00
-2.984597456543826688e+00
-3.283599903501568384e+00
-3.507221069330914709e+00
-3.654465588861133707e+00
-3.726816817407612614e+00
-3.727890387237017045e+00
-3.663006172197906363e+00
-3.538717474345745462e+00
-3.362334537918526323e+00
-3.141474818156418269e+00
-2.883665804910716002e+00
-2.596018671813458578e+00
-2.284983376802820931e+00
-1.956189100873248599e+00
-1.614368043508135786e+00
-1.263356287948219858e+00
-9.061623656374252489e-01
-5.450922595751452882e-01
-1.819185970513849671e-01
1.819185970513764738e-01
5.450922595741972687e-01
9.061623656362841617e-01
1.263356287950628820e+00
1.614368043500657546e+00
1.956189100875497022e+00
2.284983376794609278e+00
2.596018671816765266e+00
2.883665804949569367e+00
3.141474818143040970e+00
3.362334537918446831e+00
3.538717474345744574e+00
3.663006172220017564e+00
3.727890387235691438e+00
3.726816817320579567e+00
3.654465588867951809e+00
3.507221069256212242e+00
3.283599903476176696e+00
2.984597456534919591e+00
2.613915872311535438e+00
2.178043145750819143e+00
1.686162825749138783e+00
1.149887496406567067e+00
5.828247273271702777e-01
1.118321449224353237e-15
0.000000000000000000e+00
-3.696410249650778357e-01
-7.288022789134188661e-01
-1.067519161435427799e+00
-1.376817664992470380e+00
-1.649114531453872878e+00
-1.878514486093015856e+00
-2.060987347393818503e+00
-2.194419285449512813e+00
-2.278544024108499322e+00
-2.314769268570422867e+00
-2.305921195687254954e+00
-2.255933721063378083e+00
-2.169510793380386549e+00
-2.051788125358574799e+00
-1.908017332156813461e+00
-1.743290313452530160e+00
-1.562316183683532422e+00
-1.369257660285793099e+00
-1.167628716673076994e+00
-9.602516742322624310e-01
-7.492684773325085645e-01
-5.361993221626883965e-01
-3.220403715359677621e-01
-1.073919070230890116e-01
1.073919070267933124e-01
3.220403715302053715e-01
5.361993221740852800e-01
7.492684773385736019e-01
9.602516742845758069e-01
1.167628716712778569e+00
1.369257660297380497e+00
1.562316183639913536e+00
1.743290313835364813e+00
1.908017332374607467e+00
2.051788125137905539e+00
2.169510793380385660e+00
2.255933721147823867e+00
2.305921195641072785e+00
2.314769268602544283e+00
2.278544024665101642e+00
2.194419285456505886e+00
2.060987347366266320e+00
1.878514486143022522e+00
1.649114531418377272e+00
1.376817665002194380e+00
1.067519161442413100e+00
7.288022789021222358e-01
3.696410249528646053e-01
7.094224724723400192e-16
0.000000000000000000e+00
-2.217724753840875640e-01
-4.369357259006351746e-01
-6.392206760587316738e-01
-8.230117220330978034e-01
-9.836092921437684655e-01
-1.117423059966718757e+00
-1.222084354010956275e+00
-1.296474171357977934e+00
-1.340670819765889865e+00
-1.355827956524649380e+00
-1.343998446326220009e+00
-1.307922405321839898e+00
-1.250798446411361065e+00
-1.176056019513910478e+00
-1.087144160291444672e+00
-9.873485854881834944e-01
-8.796451451881044381e-01
-7.665941286328741278e-01
-6.502764502993109152e-01
-5.322701332141295261e-01
-4.136635936826282278e-01
-2.951008307920856555e-01
-1.768530154662300291e-01
-5.891052086717053771e-02
5.891052080069279773e-02
1.768530152201389649e-01
2.951008306339129028e-01
4.136635938881380037e-01
5.322701331026220561e-01
6.502764502273911118e-01
7.665941286458903825e-01
8.796451448425961495e-01
9.873485858916519753e-01
1.087144160725742159e+00
1.176056019409300157e+00
1.250798444728438819e+00
1.307922405377613284e+00
1.343998446959232762e+00
1.355827956651756594e+00
1.340670819328397601e+00
1.296474170921476210e+00
1.222084353975257942e+00
1.117423059711352584e+00
9.836092931710310738e-01
8.230117219421544394e-01
6.392206759097812663e-01
4.369357257276624829e-01
2.217724752354935935e-01
4.257346199102919448e-16
0.000000000000000000e+00
-1.246571814530634398e-01
-2.453550502557914070e-01
-3.583484056008155449e-01
-4.603031029986089928e-01
-5.484605172552432517e-01
-6.207576487080207484e-01
-6.758955565724845682e-01
-7.133538429657897417e-01
-7.333538723817288885e-01
-7.367775691047743214e-01
-7.250518498223356145e-01
-7.000104764422597770e-01
-6.637455389858863963e-01
-6.184601981106305768e-01
-5.663324932183348981e-01
-5.093979423947546659e-01
-4.494561588459718982e-01
-3.880043309426958187e-01
-3.261982852687199119e-01
-2.648401183413069959e-01
-2.043901154031570744e-01
-1.449997920771569360e-01
-8.656242008299283586e-02
-2.877715647080196157e-02
2.877715649472576895e-02
8.656242009535396187e-02
1.449997920534625007e-01
2.043901154895055861e-01
2.648401182215944227e-01
3.261982849118780226e-01
3.880043308158644955e-01
4.494561589545267299e-01
5.093979424631515096e-01
5.663324934657305576e-01
6.184601981861822528e-01
6.637455394513921414e-01
7.000104763144529008e-01
7.250518496186725281e-01
7.367775690260883747e-01
7.333538708777190829e-01
7.133538433047137417e-01
6.758955562852254628e-01
6.207576486288393092e-01
5.484605170383107797e-01
4.603031032852921145e-01
3.583484056543749796e-01
2.453550503208176414e-01
1.246571814053328980e-01
2.393825280012164286e-16
0.000000000000000000e+00
-6.366521475721766132e-02
-1.250958045539323493e-01
-1.821861017718025277e-01
-2.330778540696337164e-01
-2.762588101184260680e-01
-3.106341595976258030e-01
-3.355663224662746025e-01
-3.508816818858629949e-01
-3.568458612741500224e-01
-3.541117520078254088e-01
-3.436464357287958848e-01
-3.266442631787537243e-01
-3.044336718716177947e-01
-2.783849209322607487e-01
-2.498248877482538433e-01
-2.199638363181314893e-01
-1.898374276239246095e-01
-1.602659037504167161e-01
-1.318309431695493250e-01
-1.048696442162243420e-01
-7.948425615848191128e-02
-5.556569134566491375e-02
-3.282851356868275727e-02
-1.085491224246750742e-02
1.085491225359391104e-02
3.282851364269617767e-02
5.556569140225792180e-02
7.948425617703137880e-02
1.048696443916096871e-01
1.318309429004849431e-01
1.602659041560485775e-01
1.898374271394904222e-01
2.199638366544295898e-01
2.498248873352316990e-01
2.783849208650595597e-01
3.044336718672353004e-01
3.266442631791923734e-01
3.436464357679671067e-01
3.541117520697993348e-01
3.568458612817644315e-01
3.508816819528460806e-01
3.355663224591953764e-01
3.106341593979651261e-01
2.762588099927834606e-01
2.330778540283490186e-01
1.821861018054194148e-01
1.250958045071977331e-01
6.366521468725230837e-02
1.223269457126161583e-16
0.000000000000000000e+00
-2.701234555104168114e-02
-5.286524529480551848e-02
-7.647337212571227172e-02
-9.689348318934462578e-02
-1.133807311453304822e-01
-1.254290405868071778e-01
-1.327928784554716080e-01
-1.354895634621871015e-01
-1.337830131348606844e-01
-1.281513799219008709e-01
-1.192421786860452387e-01
-1.078192002306912756e-01
-9.470572486378149579e-02
-8.072834979414655887e-02
-6.666516392355031906e-02
-5.320128451283500509e-02
-4.089383655390050470e-02
-3.014761780089012314e-02
-2.120186612427028480e-02
-1.412787376440029566e-02
-8.836664538736879043e-03
-5.095566727226013941e-03
-2.552254907354809237e-03
-7.646913743984258506e-04
7.646913826177235973e-04
2.552254909391092706e-03
5.095566663239928414e-03
8.836664530403024603e-03
1.412787365632252844e-02
2.120186618415785193e-02
3.014761794879382978e-02
4.089383649084075284e-02
5.320128491099800766e-02
6.666516369984469559e-02
8.072834961580707680e-02
9.470572475969854520e-02
1.078192000708710768e-01
1.192421787191243893e-01
1.281513800853990304e-01
1.337830132918585713e-01
1.354895638363790289e-01
1.327928784290104691e-01
1.254290405215757187e-01
1.133807311589226513e-01
9.689348344734707852e-02
7.647337209207955011e-02
5.286524527748608787e-02
2.701234557235137473e-02
5.197031021876531895e-17
0.000000000000000000e+00
-6.159603910410653589e-03
-1.180111802060973894e-02
-1.644666863593322037e-02
-1.969536613960299817e-02
-2.125353714541921776e-02
-2.095600558071846961e-02
-1.877691338374299149e-02
-1.482955568573557197e-02
-9.355735830624406502e-03
-2.705972976058204811e-03
4.687380712582834424e-03
1.234172981811633429e-02
1.975786268940602289e-02
2.645319898579039791e-02
3.199238803916379381e-02
3.601349568838808912e-02
3.824846051415431436e-02
3.853704340438480341e-02
3.683390698039815114e-02
3.320895233103955679e-02
2.784129617247037974e-02
2.100758029473237185e-02
1.306545753307462171e-02
4.433240312803262209e-03
-4.433240221343011378e-03
-1.306545759526531701e-02
-2.100758009962940681e-02
-2.784129627924480932e-02
-3.320895236402403305e-02
-3.683390706769981010e-02
-3.853704345709472318e-02
-3.824846052174501326e-02
-3.601349547960087244e-02
-3.199238833644404978e-02
-2.645319882222273156e-02
-1.975786263265328843e-02
-1.234172969553147189e-02
-4.687380720516880206e-03
2.705972971531537576e-03
9.355735892203936171e-03
1.482955557920904131e-02
1.877691330663567096e-02
2.095600564876984664e-02
2.125353728347648824e-02
1.969536607779131740e-02
1.644666862117583755e-02
1.180111800033301073e-02
6.159603905849076778e-03
1.193302831039671630e-17
0.000000000000000000e+00
4.719622765255062150e-03
9.595653391255462919e-03
1.476440614759423273e-02
2.032383964691993061e-02
2.631877422253429619e-02
3.273087309076806728e-02
3.947421427745746725e-02
4.639672801076683006e-02
5.328726601053061090e-02
5.988758248331717965e-02
6.590809491448870738e-02
7.104624244867853433e-02
7.500578987319765634e-02
7.751588103596419865e-02
7.834850344509865228e-02
7.733334488890207525e-02
7.436918060347917636e-02
6.943138770369292057e-02
6.257535885462289782e-02
5.393565254795287811e-02
4.372129251764748231e-02
3.220745715010468052e-02
1.972411085606225536e-02
6.642165420210350245e-03
-6.642165404371724695e-03
-1.972411084345555149e-02
-3.220745709462835560e-02
-4.372129250688546603e-02
-5.393565256802253932e-02
-6.257535842861666753e-02
-6.943138753838985766e-02
-7.436918027648176110e-02
-7.733334522055884674e-02
-7.834850360803130576e-02
-7.751588102576854877e-02
-7.500578972371013675e-02
-7.104624217810505404e-02
-6.590809470472164255e-02
-5.988758258022269798e-02
-5.328726612422587938e-02
-4.639672779734089342e-02
-3.947421440159618045e-02
-3.273087322645081010e-02
-2.631877460737377591e-02
-2.032383980743463284e-02
-1.476440612047918467e-02
-9.595653385777976399e-03
-4.719622693409175271e-03
-8.963873729697122928e-18
0.000000000000000000e+00
9.456792614232155045e-03
1.888354118941435594e-02
2.824148103797733886e-02
3.747531446093987917e-02
4.650712480595810272e-02
5.523265506608544123e-02
6.352038270328869141e-02
7.121346662218348833e-02
7.813459495749852657e-02
8.409314940222120671e-02
8.889437892372796524e-02
9.234966275818481951e-02
9.428733846513985550e-02
9.456316111730748986e-02
9.306983536633420262e-02
8.974496305173591815e-02
8.457702792601612396e-02
7.760903868565557917e-02
6.893970943867902545e-02
5.872213840120602685e-02
4.716007988369227966e-02
3.450203610011030181e-02
2.103339628706549572e-02
7.067068222170283173e-03
-7.067068222168626512e-03
-2.103339627955389327e-02
-3.450203605452161620e-02
-4.716007987452471018e-02
-5.872213830773590632e-02
-6.893970956960794594e-02
-7.760903853478576253e-02
-8.457702789157620082e-02
-8.974496307095471137e-02
-9.306983527608166107e-02
-9.456316103996563471e-02
-9.428733577262254917e-02
-9.234966278318487709e-02
-8.889437906127967137e-02
-8.409314944102017075e-02
-7.813459512735212997e-02
-7.121346706026039641e-02
-6.352038304587101503e-02
-5.523265506421062843e-02
-4.650712490987458925e-02
-3.747531446547957418e-02
-2.824148099419273444e-02
-1.888354120872251171e-02
-9.456792609818470349e-03
-1.807245582066934111e-17
0.000000000000000000e+00
1.051172244115603643e-02
2.091378883356440413e-02
3.109381149627718152e-02
4.093434615798233200e-02
5.031134106550295970e-02
5.909364535523976836e-02
6.714376282872226709e-02
7.431990634960053410e-02
8.047930818043431966e-02
8.548258885921679318e-02
8.919893894571546966e-02
9.151176618520545647e-02
9.232445354355589551e-02
9.156584447732360466e-02
8.919511161218816875e-02
8.520570135893903996e-02
7.962811946079455250e-02
7.253135605781411976e-02
6.402288953964778428e-02
5.424721130743377639e-02
4.338293247644495199e-02
3.163857219773408280e-02
1.924719934180750200e-02
6.460121693716138445e-03
-6.460121685230672643e-03
-1.924719935472630691e-02
-3.163857215356319363e-02
-4.338293242199468824e-02
-5.424721118117462743e-02
-6.402288956444542045e-02
-7.253135592545938148e-02
-7.962811934663736879e-02
-8.520570123828677400e-02
-8.919511157976073301e-02
-9.156584446280628675e-02
-9.232445378117314083e-02
-9.151176628127466461e-02
-8.919893894071233287e-02
-8.548258894606672320e-02
-8.047930812494247244e-02
-7.431990645535239970e-02
-6.714376284418251128e-02
-5.909364525678063168e-02
-5.031134106928886185e-02
-4.093434619017923687e-02
-3.109381147750814658e-02
-2.091378884862761176e-02
-1.051172244164151615e-02
-2.011321462315766868e-17
0.000000000000000000e+00
9.438434776047863878e-03
1.875069494375646365e-02
2.781065401810287399e-02
3.649243585207376933e-02
4.467090697666070698e-02
5.222256676557428950e-02
5.902690043219047111e-02
6.496821079675915711e-02
6.993789271893484372e-02
7.383707266780348277e-02
7.657949747410731922e-02
7.809450920235701255e-02
7.832995161114740534e-02
7.725483595761412081e-02
7.486159504614088578e-02
7.116778875648016589e-02
6.621713254055718034e-02
6.007977033817545054e-02
5.285173156534540145e-02
4.465356404379607069e-02
3.562816081732757267e-02
2.593784119595912707e-02
1.576077135739867990e-02
5.286844434614326044e-03
-5.286844435453487250e-03
-1.576077135694355091e-02
-2.593784118124734667e-02
-3.562816082221637037e-02
-4.465356395907383452e-02
-5.285173146072724010e-02
-6.007977036196771037e-02
-6.621713250104624415e-02
-7.116778875064289078e-02
-7.486159498683804536e-02
-7.725483568184769723e-02
-7.832995166832253109e-02
-7.809450917590085584e-02
-7.657949751274394090e-02
-7.383707267664843532e-02
-6.993789270966423166e-02
-6.496821079245965191e-02
-5.902690043185048613e-02
-5.222256682652250820e-02
-4.467090697664561488e-02
-3.649243578670122168e-02
-2.781065403958608157e-02
-1.875069492876687421e-02
-9.438434782743585980e-03
-1.806856258536185597e-17
0.000000000000000000e+00
7.208307756354255004e-03
1.430951154185819245e-02
2.119749582690382342e-02
2.776816154295766795e-02
3.392052765699616473e-02
3.955793138368490086e-02
4.458933753842692083e-02
4.893075258114619464e-02
5.250672194771249107e-02
5.525187527914844632e-02
5.711246593459576304e-02
5.804784792080461969e-02
5.803182094955660481e-02
5.705377505263107413e-02
5.511956945180788991e-02
5.225208724280371031e-02
4.849141487386903621e-02
4.389461196108752211e-02
3.853505243520634338e-02
3.250133291077084152e-02
2.589576086064911478e-02
1.883245566065546578e-02
1.143510727553471822e-02
3.834453364372412271e-03
-3.834453365451347823e-03
-1.143510728166020896e-02
-1.883245567726625144e-02
-2.589576088408891003e-02
-3.250133294397465622e-02
-3.853505241617653787e-02
-4.389461199065700786e-02
-4.849141491560900186e-02
-5.225208729347180503e-02
-5.511956945569510685e-02
-5.705377507760961420e-02
-5.803182103860245189e-02
-5.804784789102750836e-02
-5.711246591569555525e-02
-5.525187510733325230e-02
-5.250672196790615032e-02
-4.893075253724659540e-02
-4.458933754208371791e-02
-3.955793139783974482e-02
-3.392052766281118681e-02
-2.776816152212460698e-02
-2.119749589556789091e-02
-1.430951154979215843e-02
-7.208307761968897436e-03
-1.380277793138612049e-17
0.000000000000000000e+00
4.425373051161794226e-03
8.781248802075147797e-03
1.299905973021394170e-02
1.701209706396021940e-02
2.075643717737837499e-02
2.417186158785280398e-02
2.720276393817318630e-02
2.979903441467868924e-02
3.191690848105156741e-02
3.351976375778184525e-02
3.457884601913083222e-02
3.507390410672200226e-02
3.499371162666634755e-02
3.433645474734925429e-02
3.310996583280908373e-02
3.133178649007130334e-02
2.902904610807333433e-02
2.623814826491852742e-02
2.300426121003561544e-02
1.938061624364332408e-02
1.542762281434182856e-02
1.121181618497917552e-02
6.804658749020107110e-03
2.281221763279228827e-03
-2.281221762757413164e-03
-6.804658750313972299e-03
-1.121181618723274959e-02
-1.542762281616376699e-02
-1.938061624786277526e-02
-2.300426121075691346e-02
-2.623814826804575853e-02
-2.902904610391487950e-02
-3.133178647092331459e-02
-3.310996584588086350e-02
-3.433645475659879986e-02
-3.499371164700095654e-02
-3.507390411652430012e-02
-3.457884601867911717e-02
-3.351976373902051942e-02
-3.191690850877067220e-02
-2.979903439450500707e-02
-2.720276394264832878e-02
-2.417186157165244348e-02
-2.075643717121447573e-02
-1.701209706497540386e-02
-1.299905972461006150e-02
-8.781248804260897642e-03
-4.425373053245644679e-03
-8.475107364306740573e-18
0.000000000000000000e+00
1.466610200936175603e-03
2.909422652187804680e-03
4.305011738391824327e-03
5.630691218271527757e-03
6.864871718517058172e-03
7.987403546180651612e-03
8.979900013175286244e-03
9.826036407890374053e-03
1.051181991386648806e-02
1.102582595842275907e-02
1.135939649360406464e-02
1.150679656099106753e-02
1.146532529294602351e-02
1.123537869118702154e-02
1.082046157664623247e-02
1.022714803826775716e-02
9.464988755397387571e-03
8.546366816205056352e-03
7.486302928714660965e-03
6.302212869097754445e-03
5.013620822629846069e-03
3.641833498209451694e-03
2.209580568307489227e-03
7.406280670928974382e-04
-7.406280672362839344e-04
-2.209580568470016337e-03
-3.641833498703951968e-03
-5.013620823056074566e-03
-6.302212868266995373e-03
-7.486302930657059464e-03
-8.546366814581015173e-03
-9.464988755900459114e-03
-1.022714804278320073e-02
-1.082046157669086170e-02
-1.123537864789210527e-02
-1.146532529665520057e-02
-1.150679656292947703e-02
-1.135939648954154176e-02
-1.102582595513518747e-02
-1.051181991389152880e-02
-9.826036408269360825e-03
-8.979900012784720192e-03
-7.987403546734663309e-03
-6.864871718755061365e-03
-5.630691219334073641e-03
-4.305011738892616444e-03
-2.909422652846790133e-03
-1.466610201227268274e-03
-2.808978092603863773e-18
0.000000000000000000e+00
-1.427575772553885385e-03
-2.831470517289247455e-03
-4.188407805629106723e-03
-5.475912728352856640e-03
-6.672693650623538059e-03
-7.759001687896122622e-03
-8.716961378552020093e-03
-9.530866666895749378e-03
-1.018743723777930550e-02
-1.067603099861836637e-02
-1.098880976859323982e-02
-1.112085583129418173e-02
-1.107023842161886616e-02
-1.083802985809205303e-02
-1.042827225575433496e-02
-9.847896063218336896e-03
-9.106593131479438080e-03
-8.216646993667623203e-03
-7.192723943340247755e-03
-6.051628720565908025e-03
-4.812029150264652069e-03
-3.494154110677852483e-03
-2.119469595828978731e-03
-7.103375527161741657e-04
7.103375530416271549e-04
2.119469596042693194e-03
3.494154111888881590e-03
4.812029148350824466e-03
6.051628721564593534e-03
7.192723941626445912e-03
8.216646991918001922e-03
9.106593126060139390e-03
9.847896063696150865e-03
1.042827225694964444e-02
1.083802985187799772e-02
1.107023842009700020e-02
1.112085582419270781e-02
1.098880977005108062e-02
1.067603099699433560e-02
1.018743723728247896e-02
9.530866668138645789e-03
8.716961378911123465e-03
7.759001688927565782e-03
6.672693650391357464e-03
5.475912728277479435e-03
4.188407806305580357e-03
2.831470517376257282e-03
1.427575772439786984e-03
2.734383214758858903e-18
0.000000000000000000e+00
-4.095146436616234516e-03
-8.121097244501067694e-03
-1.200992442495692550e-02
-1.569620526325621324e-02
-1.911820117179232476e-02
-2.221895126300287709e-02
-2.494725730448202339e-02
-2.725854087298602499e-02
-2.911555786852903713e-02
-3.048896024154446049e-02
-3.135769960072767870e-02
-3.170927164022489114e-02
-3.153980449936377717e-02
-3.085399734175516689e-02
-2.966491861833607524e-02
-2.799367504640015367e-02
-2.586896429389477781e-02
-2.332652477411602601e-02
-2.040849630893462260e-02
-1.716270513806168047e-02
-1.364188624295469172e-02
-9.902854958162796498e-03
-6.005638962288217635e-03
-2.012580675428826509e-03
2.012580675585625561e-03
6.005638961408072719e-03
9.902854956631661903e-03
1.364188624481786453e-02
1.716270513741440656e-02
2.040849630938147349e-02
2.332652477500291380e-02
2.586896429176435003e-02
2.799367504574375859e-02
2.966491862099215893e-02
3.085399734092308249e-02
3.153980449868941383e-02
3.170927164023749217e-02
3.135769958767952587e-02
3.048896024047305364e-02
2.911555787945713930e-02
2.725854086786350106e-02
2.494725730558678897e-02
2.221895126591546393e-02
1.911820117774392161e-02
1.569620525944801989e-02
1.200992442401047598e-02
8.121097244775922486e-03
4.095146437729292946e-03
7.844266000265700104e-18
0.000000000000000000e+00
-6.414966715580516093e-03
-1.271928988221915878e-02
-1.880451931195252155e-02
-2.456652627952058895e-02
-2.990750484861651182e-02
-3.473779193601799625e-02
-3.897746174388581897e-02
-4.255766131490108101e-02
-4.542166672037228209e-02
-4.752565131770539186e-02
-4.883916848682937073e-02
-4.934536062269397755e-02
-4.904091308007582639e-02
-4.793577711608044273e-02
-4.605268829017852145e-02
-4.342650776191787909e-02
-4.010341376328271923e-02
-3.613996844389705948e-02
-3.160208330703384583e-02
-2.656390376138907314e-02
-2.110663048846797563e-02
-1.531729245369267169e-02
-9.287484415792779044e-03
-3.112078830661444036e-03
3.112078831227419688e-03
9.287484419354797779e-03
1.531729245196074979e-02
2.110663047171817269e-02
2.656390376206712797e-02
3.160208329918970382e-02
3.613996844422634469e-02
4.010341376494351573e-02
4.342650777050501010e-02
4.605268829027233529e-02
4.793577712218691222e-02
4.904091307975170372e-02
4.934536063910988091e-02
4.883916849725336573e-02
4.752565132078229865e-02
4.542166671838442776e-02
4.255766130509568146e-02
3.897746174654499740e-02
3.473779194262536368e-02
2.990750484576470622e-02
2.456652628013854256e-02
1.880451930940043453e-02
1.271928987949002589e-02
6.414966716788965233e-03
1.228861885795667870e-17
0.000000000000000000e+00
-8.283022336362418081e-03
-1.641894661939051481e-02
-2.426393358207775200e-02
-3.168053391753496845e-02
-3.854057497145822742e-02
-4.472770416544350619e-02
-5.013951600319190710e-02
-5.468921864911829162e-02
-5.830682475282648880e-02
-6.093987865878786048e-02
-6.255375287719901201e-02
-6.313156297407429562e-02
-6.267375779876747932e-02
-6.119744410747635782e-02
-5.873550200416057659e-02
-5.533553990267630479e-02
-5.105872959551609191e-02
-4.597855204465040035e-02
-4.017947687946193946e-02
-3.375559063024654444e-02
-2.680918458719830366e-02
-1.944930958254388262e-02
-1.179030349667197462e-02
-3.950296980371128738e-03
3.950296980715925846e-03
1.179030349693385195e-02
1.944930958668911886e-02
2.680918458723201628e-02
3.375559063408071353e-02
4.017947687905773502e-02
4.597855204580248573e-02
5.105872958716150406e-02
5.533553990128099037e-02
5.873550199906188429e-02
6.119744410854222050e-02
6.267375779758814491e-02
6.313156297282439267e-02
6.255375287808581652e-02
6.093987865884400307e-02
5.830682475488004057e-02
5.468921864825210949e-02
5.013951600307506307e-02
4.472770416456407772e-02
3.854057497092090029e-02
3.168053391748171244e-02
2.426393358334900247e-02
1.641894661926746046e-02
8.283022336717734552e-03
1.586847374768135297e-17
0.000000000000000000e+00
-9.598672800506942784e-03
-1.901859171213277772e-02
-2.808566582811714701e-02
-3.663488553779643137e-02
-4.451427567939002239e-02
-5.158820846543468730e-02
-5.773996084876388546e-02
-6.287346742467046778e-02
-6.691428511228277032e-02
-6.980984030238765459e-02
-7.152907055975846196e-02
-7.206159475583556739e-02
-7.141655008525833737e-02
-6.962122364695585985e-02
-6.671958352844187257e-02
-6.277078493991666841e-02
-5.784769741581328312e-02
-5.203547261161050458e-02
-4.543014663972382711e-02
-3.813726606613183912e-02
-3.027051159404146527e-02
-2.195030094024605014e-02
-1.330235546865970661e-02
-4.456225126489501455e-03
4.456225126622869598e-03
1.330235546761151383e-02
2.195030093539368163e-02
3.027051160266485894e-02
3.813726606255767038e-02
4.543014663966193217e-02
5.203547261249384659e-02
5.784769741747104732e-02
6.277078493661558678e-02
6.671958351411416688e-02
6.962122365686028436e-02
7.141655008273928296e-02
7.206159475610647569e-02
7.152907056152643661e-02
6.980984031129451595e-02
6.691428511535081614e-02
6.287346742120021592e-02
5.773996084614135132e-02
5.158820846869482252e-02
4.451427567533308705e-02
3.663488553537341819e-02
2.808566582962392089e-02
1.901859171137754850e-02
9.598672800683650391e-03
1.839167195424147178e-17
0.000000000000000000e+00
-1.026034446858494452e-02
-2.031333655124847523e-02
-2.995841556519949697e-02
-3.900813242388094515e-02
-4.729359194653926651e-02
-5.466868904464198403e-02
-6.101296948312191076e-02
-6.623306945587488503e-02
-7.026283304181456246e-02
-7.306231260337300859e-02
-7.461593416107879795e-02
-7.493013646999051314e-02
-7.403078283755044897e-02
-7.196059982726660254e-02
-6.877682846937588357e-02
-6.454919493904730243e-02
-5.935823459997854878e-02
-5.329393579089274774e-02
-4.645463192498180960e-02
-3.894604007871298873e-02
-3.088034862115892135e-02
-2.237526954931392392e-02
-1.355299585249848497e-02
-4.539040092523056319e-03
4.539040093107253940e-03
1.355299585127234946e-02
2.237526955110322874e-02
3.088034863217649709e-02
3.894604008096546471e-02
4.645463196310406495e-02
5.329393579443270773e-02
5.935823461394771489e-02
6.454919493269598019e-02
6.877682848037809660e-02
7.196059981642748127e-02
7.403078282088947082e-02
7.493013646652818549e-02
7.461593414585547535e-02
7.306231259501679010e-02
7.026283302193221669e-02
6.623306948220725188e-02
6.101296952210285424e-02
5.466868906009930001e-02
4.729359195884828143e-02
3.900813240821893874e-02
2.995841557585716616e-02
2.031333656554774186e-02
1.026034442721159186e-02
1.966477669135586048e-17
0.000000000000000000e+00
-1.017352667264210392e-02
-2.010973810356774666e-02
-2.958166303059816052e-02
-3.838212478485307499e-02
-4.633151697767463190e-02
-5.328333968823722316e-02
-5.912719725753361188e-02
-6.378927450590306247e-02
-6.723052589944809865e-02
-6.944311694406211932e-02
-7.044568234884991675e-02
-7.027808116912651060e-02
-6.899623390392459199e-02
-6.666751880957687282e-02
-6.336705612561203960e-02
-5.917501123727630929e-02
-5.417490352390368774e-02
-4.845276386223181658e-02
-4.209690879768827887e-02
-3.519808065355187199e-02
-2.784966317969636215e-02
-2.014779532019898844e-02
-1.219122983715812542e-02
-4.080885527599552830e-03
4.080885527608252468e-03
1.219122981573436335e-02
2.014779532622460942e-02
2.784966318931487994e-02
3.519808059285209345e-02
4.209690881610332613e-02
4.845276374938882469e-02
5.417490348211106976e-02
5.917501124776165106e-02
6.336705613798242209e-02
6.666751880099978933e-02
6.899623389582591748e-02
7.027808100937885105e-02
7.044568237268984678e-02
6.944311698536720368e-02
6.723052587536190727e-02
6.378927442436474471e-02
5.912719722219535873e-02
5.328333963615307367e-02
4.633151701187384480e-02
3.838212465195312006e-02
2.958166305382920261e-02
2.010973808157853066e-02
1.017352669822274916e-02
1.950871677120905156e-17
0.000000000000000000e+00
-9.278699632965257960e-03
-1.827933024261552131e-02
-2.674040662683521696e-02
-3.443192311025762564e-02
-4.116710664996726943e-02
-4.680999839241029720e-02
-5.127838398083583993e-02
-5.454217419323531546e-02
-5.661786627493084478e-02
-5.756010299773686723e-02
-5.745158964302871790e-02
-5.639263027849104881e-02
-5.449143512163836384e-02
-5.185606133076791496e-02
-4.858851866228860311e-02
-4.478120468212463956e-02
-4.051552318000642416e-02
-3.586228952278464749e-02
-3.088337968402813175e-02
-2.563403798656989710e-02
-2.016529650100903903e-02
-1.452607983648176136e-02
-8.764716846110860715e-03
-2.929769897674782634e-03
2.929769896118306766e-03
8.764716849500758453e-03
1.452607984738792796e-02
2.016529652644634754e-02
2.563403794302255082e-02
3.088337966408160815e-02
3.586228953121991386e-02
4.051552323780352460e-02
4.478120470084915455e-02
4.858851874003331656e-02
5.185606135259142324e-02
5.449143511129439510e-02
5.639263027754766455e-02
5.745158963356493398e-02
5.756010269891774500e-02
5.661786639649110664e-02
5.454217431384567744e-02
5.127838398668994879e-02
4.680999837878186548e-02
4.116710664337022013e-02
3.443192307576469630e-02
2.674040662194240164e-02
1.827933025557279545e-02
9.278699626215133195e-03
1.781288624473887512e-17
0.000000000000000000e+00
-7.613911012809213875e-03
-1.487938461205460389e-02
-2.147576914576540888e-02
-2.713482840172725535e-02
-3.165951625663807056e-02
-3.493503811969533163e-02
-3.693140788573887057e-02
-3.769782763808247200e-02
-3.735021293518162033e-02
-3.605391121658436948e-02
-3.400402318049448869e-02
-3.140575273919393035e-02
-2.845686932787852910e-02
-2.533381802295583962e-02
-2.218232856259640118e-02
-1.911268887733228242e-02
-1.619925121352448760e-02
-1.348330789230547076e-02
-1.097822790993688985e-02
-8.675692444261215094e-03
-6.551985303483203599e-03
-4.573535275803952693e-03
-2.701213537121843148e-03
-8.932293647926090388e-04
8.932293638115895197e-04
2.701213592106713971e-03
4.573535270824814064e-03
6.551985309275639574e-03
8.675692432831835083e-03
1.097822791835782914e-02
1.348330777237919005e-02
1.619925112423182753e-02
1.911268887733119648e-02
2.218232854868347481e-02
2.533381793968744050e-02
2.845686938238812733e-02
3.140575274061877670e-02
3.400402317773557753e-02
3.605391117166995008e-02
3.735021309270872975e-02
3.769782764402117986e-02
3.693140790031459314e-02
3.493503812540654785e-02
3.165951622332566912e-02
2.713482835968879583e-02
2.147576914557023167e-02
1.487938460973746782e-02
7.613911034389417645e-03
1.465610239420927183e-17
0.000000000000000000e+00
-5.436538864915760848e-03
-1.038850111058289491e-02
-1.441936624087090425e-02
-1.718286333665685825e-02
-1.845433461081861723e-02
-1.814791219812156298e-02
-1.631820768741819999e-02
-1.314732026826549369e-02
-8.919824688903956258e-03
-3.989687222274912459e-03
1.256335425400301707e-03
6.434362434920339220e-03
1.119437390987357804e-02
1.524387874619932866e-02
1.836293025525492784e-02
2.041041834834276744e-02
2.132263860970963834e-02
2.110586922566342477e-02
1.982508189877060442e-02
1.759093983049296248e-02
1.454696734169734842e-02
1.085832243134347494e-02
6.703007127979051377e-03
2.265751328001237592e-03
-2.265751325909548790e-03
-6.703007148518718566e-03
-1.085832238419220941e-02
-1.454696753799724490e-02
-1.759093991930763684e-02
-1.982508198459377938e-02
-2.110586938769245038e-02
-2.132263856003204644e-02
-2.041041853318645988e-02
-1.836293021724560298e-02
-1.524387878620139455e-02
-1.119437404908944778e-02
-6.434362364653622296e-03
-1.256335337753996780e-03
3.989687066248219158e-03
8.919824855097626196e-03
1.314732023841498620e-02
1.631820770083999492e-02
1.814791217963430611e-02
1.845433440534475014e-02
1.718286329626638603e-02
1.441936633580420159e-02
1.038850118247807916e-02
5.436538831935184245e-03
1.054176349528232571e-17
0.000000000000000000e+00
-3.439119327157788304e-03
-6.124601486934816603e-03
-7.387561490309883794e-03
-6.717789412642388193e-03
-3.817731905875520852e-03
1.369494448636546062e-03
8.660200679210168853e-03
1.765651233496222383e-02
2.779384775057772497e-02
3.840200065854907502e-02
4.877139685570378025e-02
5.821645466438747640e-02
6.612947997414986290e-02
7.202062439560520668e-02
7.554189905084249257e-02
7.649549904937230638e-02
7.482854200168703729e-02
7.061755028877099438e-02
6.404656944788651718e-02
5.538276795371209482e-02
4.495281097566204698e-02
3.312242349875300224e-02
2.028051297856422672e-02
6.828160488838523265e-03
-6.828160487173598990e-03
-2.028051300524619238e-02
-3.312242348542393522e-02
-4.495281100217207032e-02
-5.538276790532774968e-02
-6.404656944133757523e-02
-7.061755030115353382e-02
-7.482854178812796409e-02
-7.649549902295979531e-02
-7.554189894168819586e-02
-7.202062486718974199e-02
-6.612948004290769566e-02
-5.821645451692961104e-02
-4.877139693471067156e-02
-3.840200086283437203e-02
-2.779384782945757207e-02
-1.765651238626098074e-02
-8.660200605558441775e-03
-1.369494576748573125e-03
3.817731838408544836e-03
6.717789409539317441e-03
7.387561551624086641e-03
6.124601529840755822e-03
3.439119259631607042e-03
6.814546254429749399e-18
0.000000000000000000e+00
-3.093343450710019354e-03
-4.911065490538805804e-03
-4.328380160629918816e-03
-5.022630666209522161e-04
7.034165425029115411e-03
1.832458220765866702e-02
3.299320128022226184e-02
5.029541822571291509e-02
6.920535238082282936e-02
8.852626375087588317e-02
1.070084397019837874e-01
1.234601445870323055e-01
1.368401795071927107e-01
1.463247455650507622e-01
1.513456275252598460e-01
1.516008700803387899e-01
1.470421431901687837e-01
1.378449874607754755e-01
1.243689402874421784e-01
1.071141820409703127e-01
8.668030257978040498e-02
6.373116233713432832e-02
3.896799179646430467e-02
1.311109333115482826e-02
-1.311109330534485258e-02
-3.896799187238968176e-02
-6.373116212670498770e-02
-8.668030277223630342e-02
-1.071141816598016328e-01
-1.243689404594229553e-01
-1.378449878035511167e-01
-1.470421432319095056e-01
-1.516008698818469280e-01
-1.513456275579253274e-01
-1.463247455670678154e-01
-1.368401795071933491e-01
-1.234601446109762635e-01
-1.070084396421846079e-01
-8.852626471032565281e-02
-6.920535293258446574e-02
-5.029541877915186254e-02
-3.299320097506789479e-02
-1.832458183475218008e-02
-7.034164958777706401e-03
5.022629307540158079e-04
4.328380158901839331e-03
4.911065562936505619e-03
3.093343504063402697e-03
6.324588783170614930e-18
0.000000000000000000e+00
-7.108933475591701009e-03
-1.196406250657835839e-02
-1.257991237073866585e-02
-7.471330660815306973e-03
4.181021143419607830e-03
2.245080409600409138e-02
4.667727172964317855e-02
7.555964098690913511e-02
1.073155084246029539e-01
1.398774216766105472e-01
1.710997187709010214e-01
1.989502349135752746e-01
2.216673174381962319e-01
2.378702660149357440e-01
2.466192779853436934e-01
2.474279742136495930e-01
2.402367628885851980e-01
2.253583191633183325e-01
2.034073916211345534e-01
1.752262790776298040e-01
1.418152423871025525e-01
1.042741942285885653e-01
6.375895123314057056e-02
2.145231275976194202e-02
-2.145231276005908627e-02
-6.375895123476238435e-02
-1.042741942263291505e-01
-1.418152423932866613e-01
-1.752262790825141470e-01
-2.034073916176741548e-01
-2.253583191558611587e-01
-2.402367628916451392e-01
-2.474279742114010305e-01
-2.466192779962714243e-01
-2.378702660231243049e-01
-2.216673174381968980e-01
-1.989502349287506078e-01
-1.710997187614995696e-01
-1.398774216698433492e-01
-1.073155084095449990e-01
-7.555964098699892439e-02
-4.667727175187654648e-02
-2.245080408692818122e-02
-4.181021128843043916e-03
7.471330648159167816e-03
1.257991237039921689e-02
1.196406250598243230e-02
7.108933475515379248e-03
1.431390392064506738e-17
0.000000000000000000e+00
-1.981504622190475781e-02
-3.562555233521598474e-02
-4.389920291514790018e-02
-4.198267659491453085e-02
-2.838900997961906966e-02
-2.932077510579413765e-03
3.330024554299813172e-02
7.811813115863321111e-02
1.285114367842864203e-01
1.809938352027081476e-01
2.319597903363068148e-01
2.780103301064640875e-01
3.162147962232975118e-01
3.442898760856508700e-01
3.606912862091161687e-01
3.646254196998617858e-01
3.559964800565917908e-01
3.353093806135554744e-01
3.035492366937003750e-01
2.620564182329826464e-01
2.124120900338503926e-01
1.563441830390300824e-01
9.565852893321959149e-02
3.219506043237823495e-02
-3.219506043203641116e-02
-9.565852893599229023e-02
-1.563441830366820717e-01
-2.124120900376655907e-01
-2.620564182279267462e-01
-3.035492366821693766e-01
-3.353093806112675823e-01
-3.559964800679283892e-01
-3.646254196995909469e-01
-3.606912862172046430e-01
-3.442898760856519802e-01
-3.162147962232981779e-01
-2.780103301064044130e-01
-2.319597903522142290e-01
-1.809938352025520225e-01
-1.285114368077997504e-01
-7.811813115668973795e-02
-3.330024554360491718e-02
2.932077510472566508e-03
2.838900999268509015e-02
4.198267658908094724e-02
4.389920291968999605e-02
3.562555232914850489e-02
1.981504622339887861e-02
3.915464753337280407e-17
0.000000000000000000e+00
-4.681673303197195907e-02
-8.668300197704299770e-02
-1.134597580605966466e-01
-1.225157069876196131e-01
-1.112143934076741669e-01
-7.913485966652286652e-02
-2.801360499745193453e-02
3.856105070605563706e-02
1.156374338845661959e-01
1.974882760177328889e-01
2.782116825436319330e-01
3.522707616500106442e-01
4.149184286377771147e-01
4.624790458431121687e-01
4.924828079395721647e-01
5.036683975238379629e-01
4.958825826561144012e-01
4.699116330656589735e-01
4.272796093816230156e-01
3.700442016636892872e-01
3.006135803325905576e-01
2.215992488009766170e-01
1.357114078681129765e-01
4.569573344298844680e-02
-4.569573344297536005e-02
-1.357114078691691872e-01
-2.215992487993719562e-01
-3.006135803283323527e-01
-3.700442016719773242e-01
-4.272796093810809492e-01
-4.699116330709705025e-01
-4.958825826555841032e-01
-5.036683975256200929e-01
-4.924828079349338750e-01
-4.624790458448239105e-01
-4.149184286453278525e-01
-3.522707616502726014e-01
-2.782116825477692346e-01
-1.974882760215646016e-01
-1.156374338844352451e-01
-3.856105070639760657e-02
2.801360500683824223e-02
7.913485966658476145e-02
1.112143934074889262e-01
1.225157069875762866e-01
1.134597580605331280e-01
8.668300197707513866e-02
4.681673303354660226e-02
9.169082327358821718e-17
0.000000000000000000e+00
-9.247658966667962610e-02
-1.734649885583870177e-01
-2.328144222479633929e-01
-2.628547984965256545e-01
-2.591880214127470494e-01
-2.210336326947480168e-01
-1.511121949220582961e-01
-5.512337252933944415e-02
5.906859827707161559e-02
1.823999987026481140e-01
3.055799823128741988e-01
4.199489749849403264e-01
5.181397453085011540e-01
5.945001438915205050e-01
6.452771359476933144e-01
6.685924208449545159e-01
6.642597976339688071e-01
6.335024209394111150e-01
5.786263792453777421e-01
5.026984982095096255e-01
4.092638180234239864e-01
3.021243648040852214e-01
1.851874789380505981e-01
6.238052123654862918e-02
-6.238052123719529940e-02
-1.851874789291013124e-01
-3.021243648149940508e-01
-4.092638180554351024e-01
-5.026984982161614157e-01
-5.786263792323554922e-01
-6.335024209256264749e-01
-6.642597976244837277e-01
-6.685924207884650361e-01
-6.452771360216601471e-01
-5.945001439960694301e-01
-5.181397452924632052e-01
-4.199489745330925450e-01
-3.055799822583439851e-01
-1.823999984376142858e-01
-5.906859825696188920e-02
5.512337255536802622e-02
1.511121949266219788e-01
2.210336326826143893e-01
2.591880213888866913e-01
2.628547985377154284e-01
2.328144222620321668e-01
1.734649885528677105e-01
9.247658966201872943e-02
1.803851145018359659e-16
0.000000000000000000e+00
-1.532245072460990953e-01
-2.888606637735879334e-01
-3.913844807828444905e-01
-4.490937891310650132e-01
-4.553107800209773015e-01
-4.088855648908173435e-01
-3.139805916509211259e-01
-1.792325796560927942e-01
-1.647525460796782013e-02
1.607507822750468274e-01
3.386770033556996129e-01
5.045899090172525359e-01
6.477951401549194577e-01
7.602085946585677156e-01
8.365824075783113711e-01
8.744202627807352579e-01
8.736639909489491984e-01
8.362427496995424869e-01
7.655706982512245906e-01
6.660639939633754558e-01
5.427277465118257593e-01
4.008422482016068544e-01
2.457579964282144425e-01
8.279233932156546127e-02
-8.279233932103949312e-02
-2.457579964281864093e-01
-4.008422482027326761e-01
-5.427277465101083553e-01
-6.660639939579401370e-01
-7.655706982656271808e-01
-8.362427496872393284e-01
-8.736639909469895438e-01
-8.744202627807309280e-01
-8.365824075821787220e-01
-7.602085945778204179e-01
-6.477951401493434735e-01
-5.045899090212536686e-01
-3.386770033330828156e-01
-1.607507822978764822e-01
1.647525461873288258e-02
1.792325796731441823e-01
3.139805915310655005e-01
4.088855649265281111e-01
4.553107799941525924e-01
4.490937891034176288e-01
3.913844807683558025e-01
2.888606637649496767e-01
1.532245072426051402e-01
2.984098578529683942e-16
0.000000000000000000e+00
-2.069259403521687135e-01
-3.897776264729416185e-01
-5.273707828420105548e-01
-6.038603594087599280e-01
-6.103952095650815313e-01
-5.457765105993548360e-01
-4.160990002431368961e-01
-2.335226518819959185e-01
-1.444497622111501518e-02
2.225982737365171937e-01
4.589848632026075070e-01
6.777528909681725944e-01
8.648777716086515355e-01
1.010014526909513544e+00
1.106728412017587537e+00
1.152300688983963983e+00
1.147231906513990873e+00
1.094574273194868441e+00
9.992137373518873433e-01
8.671985227303772303e-01
7.051810578941850594e-01
5.200098819469419764e-01
3.184807620921977223e-01
1.072337863562319166e-01
-1.072337863560990229e-01
-3.184807620921810134e-01
-5.200098819452136922e-01
-7.051810578964678999e-01
-8.671985227351192149e-01
-9.992137373524215826e-01
-1.094574273207161941e+00
-1.147231906518249245e+00
-1.152300688990579580e+00
-1.106728412014688745e+00
-1.010014526900713694e+00
-8.648777716252528114e-01
-6.777528909931955781e-01
-4.589848632507846915e-01
-2.225982737415007628e-01
1.444497621761946411e-02
2.335226519107247434e-01
4.160990002572527158e-01
5.457765105984021536e-01
6.103952095764293428e-01
6.038603594117782913e-01
5.273707828421204669e-01
3.897776264725141271e-01
2.069259403513658280e-01
4.031044610561717658e-16
0.000000000000000000e+00
-2.077591896909513347e-01
-3.874826097696488780e-01
-5.146520854784849552e-01
-5.712325461734413246e-01
-5.476445800090781191e-01
-4.434974561242353008e-01
-2.670657766806069366e-01
-3.370533311129945975e-02
2.364442392424618844e-01
5.210546931530334325e-01
7.981036809373996954e-01
1.047953380440421522e+00
1.254818819824991882e+00
1.407558811224843831e+00
1.499832982301984918e+00
1.529744556439868397e+00
1.499131291412113098e+00
1.412672518101188546e+00
1.276963856495559657e+00
1.099678075724255022e+00
8.888915390334135580e-01
6.526169525262122129e-01
3.985490044907632479e-01
1.340019788376440313e-01
-1.340019788376528298e-01
-3.985490044907558094e-01
-6.526169525255807180e-01
-8.888915390334620747e-01
-1.099678075721860049e+00
-1.276963856513977369e+00
-1.412672518125871246e+00
-1.499131291412144407e+00
-1.529744556456029470e+00
-1.499832982305495888e+00
-1.407558811226206075e+00
-1.254818819803682484e+00
-1.047953380440087123e+00
-7.981036808775028302e-01
-5.210546931607612509e-01
-2.364442392338072518e-01
3.370533310001884442e-02
2.670657765912501924e-01
4.434974561128570136e-01
5.476445800031772837e-01
5.712325462013881916e-01
5.146520854620337815e-01
3.874826097943714354e-01
2.077591896904935065e-01
4.059987627798467952e-16
0.000000000000000000e+00
-1.091626827969962854e-01
-1.926153460055565481e-01
-2.281660552141719922e-01
-2.000851590655314260e-01
-1.010198282535734460e-01
6.737093613917156942e-02
2.950679927983752560e-01
5.654148361847661786e-01
8.575385653266827113e-01
1.149029368408249541e+00
1.418462245973904912e+00
1.647437978414423743e+00
1.821951869943071900e+00
1.933035601112455648e+00
1.976733661694872524e+00
1.953555864086104821e+00
1.867587465730569996e+00
1.725442413166019984e+00
1.535223180727344205e+00
1.305612603446542286e+00
1.045179169645601425e+00
7.619343232540144450e-01
4.631432006827230774e-01
1.553602420480302837e-01
-1.553602420480222346e-01
-4.631432006799168222e-01
-7.619343232592429294e-01
-1.045179160973649823e+00
-1.305612603421557383e+00
-1.535223180715615587e+00
-1.725442413144469889e+00
-1.867587465700228710e+00
-1.953555864049368429e+00
-1.976733661694387800e+00
-1.933035601111543489e+00
-1.821951869943179592e+00
-1.647437978411715243e+00
-1.418462246001448879e+00
-1.149029368409418828e+00
-8.575385652561220429e-01
-5.654148361567340464e-01
-2.950679928011740727e-01
-6.737093614185142576e-02
1.010198282465354369e-01
2.000851590627047150e-01
2.281660552202783576e-01
1.926153459926967237e-01
1.091626827990352794e-01
2.169291089361906925e-16
0.000000000000000000e+00
7.431923877494003849e-02
1.645132177623277459e-01
2.837959297715894058e-01
4.405239951908229146e-01
6.368297535119866737e-01
8.682789981886298580e-01
1.124547616832989316e+00
1.390927856909001559e+00
1.650347808131614524e+00
1.885536587794933272e+00
2.080992524331855886e+00
2.224494666681593014e+00
2.308012138496709831e+00
2.327983249744498995e+00
2.285034704968115893e+00
2.183277888912679376e+00
2.029350665355093231e+00
1.831373387214643378e+00
1.597965076730653466e+00
1.337429434043311938e+00
1.057179080980122698e+00
7.634263934789422557e-01
4.611351563422115274e-01
1.541998652694062111e-01
-1.541998652706840500e-01
-4.611351563459290537e-01
-7.634263934799594420e-01
-1.057179080981093033e+00
-1.337429434039043574e+00
-1.597965076727550615e+00
-1.831373387213746984e+00
-2.029350665350134530e+00
-2.183277888919536558e+00
-2.285034704949932660e+00
-2.327983249747456185e+00
-2.308012138495236787e+00
-2.224494666680215005e+00
-2.080992524332615279e+00
-1.885536587790034080e+00
-1.650347808131953142e+00
-1.390927856899049964e+00
-1.124547616794178584e+00
-8.682789981883275443e-01
-6.368297535107809715e-01
-4.405239951884288296e-01
-2.837959297479805687e-01
-1.645132178223771002e-01
-7.431923877481082241e-02
-1.367277073281769231e-16
0.000000000000000000e+00
2.253962017408225327e-01
4.540202645938997139e-01
6.878044577451546404e-01
9.263549799963303188e-01
1.166392472904169253e+00
1.401766515121587453e+00
1.624026812445583445e+00
1.823425114599008134e+00
1.990148309251885239e+00
2.115557016190064754e+00
2.193224799907582234e+00
2.219629784144399931e+00
2.194425591139400833e+00
2.120294886995442329e+00
2.002451769138636095e+00
1.847900804421757748e+00
1.664578294183332252e+00
1.460497870369557472e+00
1.243003227524852372e+00
1.018202177097478733e+00
7.906243288186799445e-01
5.631144115055776167e-01
3.369476433379366975e-01
1.121341172668075536e-01
-1.121341172668433861e-01
-3.369476433379136604e-01
-5.631144115056193611e-01
-7.906243288189596097e-01
-1.018202177097402350e+00
-1.243003227524633436e+00
-1.460497870369569684e+00
-1.664578294183300944e+00
-1.847900804421396259e+00
-2.002451769178137830e+00
-2.120294886947647672e+00
-2.194425591139536280e+00
-2.219629784144395046e+00
-2.193224799907486311e+00
-2.115557016117516120e+00
-1.990148309211055455e+00
-1.823425114599684038e+00
-1.624026812443112755e+00
-1.401766515133828772e+00
-1.166392472885329434e+00
-9.263549799872614621e-01
-6.878044577175778107e-01
-4.540202645815805127e-01
-2.253962017337943213e-01
-4.294163405012857570e-16
0.000000000000000000e+00
2.127256952626260800e-01
4.212582505838084468e-01
6.212021593351456650e-01
8.078445795881569191e-01
9.761922434377985347e-01
1.121185165105507586e+00
1.238066463526012795e+00
1.322847621431496590e+00
1.372783548294048250e+00
1.386766754201462781e+00
1.365564282110637961e+00
1.311849890024218590e+00
1.230019833265455276e+00
1.125815660663768147e+00
1.005805341701438316e+00
8.767909029723780501e-01
7.452154200880909407e-01
6.166358658693583683e-01
4.953137613083785640e-01
3.839564400161315505e-01
2.836216930784056234e-01
1.937807097755824270e-01
1.125206115219848230e-01
3.685924514236292582e-02
-3.685924514236423033e-02
-1.125206115193570638e-01
-1.937807097744548845e-01
-2.836216930773302058e-01
-3.839564400127228327e-01
-4.953137613127358563e-01
-6.166358658578345864e-01
-7.452154200812771689e-01
-8.767909029723903735e-01
-1.005805341718846613e+00
-1.125815660683739061e+00
-1.230019833265444840e+00
-1.311849890036258515e+00
-1.365564282104654525e+00
-1.386766754175543070e+00
-1.372783548300154921e+00
-1.322847621469327439e+00
-1.238066463537081496e+00
-1.121185165053185662e+00
-9.761922434171397267e-01
-8.078445795977400312e-01
-6.212021593212981863e-01
-4.212582505792653031e-01
-2.127256952567314341e-01
-4.076489812723286720e-16
0.000000000000000000e+00
7.027779102437296810e-02
1.371279990557789374e-01
1.972720317603166573e-01
2.477342262648782600e-01
2.860016188554387329e-01
3.101836242019456180e-01
3.191583874299451784e-01
3.126871738480430651e-01
2.914765833760408209e-01
2.571714731531130060e-01
2.122688712662637311e-01
1.599534412785806881e-01
1.038661526421097853e-01
4.782755452033493615e-02
-4.456382356543741631e-03
-4.967563051395785384e-02
-8.515677818987657521e-02
-1.090414408797403811e-01
-1.203898705109896355e-01
-1.192071688856808087e-01
-1.063984954056015342e-01
-8.366609096490017217e-02
-5.336390746411898839e-02
-1.832513466693315093e-02
1.832513466693543036e-02
5.336390746459523937e-02
8.366609096477725660e-02
1.063984954033421054e-01
1.192071688853732908e-01
1.203898705125541202e-01
1.090414408776659849e-01
8.515677819188668951e-02
4.967563051452770356e-02
4.456382356694891557e-03
-4.782755452088567616e-02
-1.038661526397035711e-01
-1.599534412821926599e-01
-2.122688712695090796e-01
-2.571714731460263414e-01
-2.914765833807594353e-01
-3.126871738510209053e-01
-3.191583874337994842e-01
-3.101836242028724877e-01
-2.860016188551007810e-01
-2.477342262678230989e-01
-1.972720317589797823e-01
-1.371279990551773909e-01
-7.027779102437622938e-02
-1.353384825324461925e-16
0.000000000000000000e+00
-4.266342227806607567e-17
-7.923645829128632324e-17
-1.241595485566470520e-17
-1.815906468661746090e-16
-4.868950017271553338e-16
-7.321546758310374732e-16
-3.616996754682677345e-16
-2.820266322480992933e-16
4.259224115089040864e-16
-1.161756175578152082e-15
-7.119824620530977099e-16
-9.127987918929936041e-16
-1.746648625872549525e-15
-1.637912613335948947e-15
-1.913368796883853078e-15
-1.657717507222714505e-15
-2.369184535424848086e-15
6.799845645515264851e-17
-1.237073134875160623e-15
-9.229392862762192666e-16
-1.078490581692853488e-15
-7.792561882275275234e-16
-3.149112860927703960e-16
-7.960833968526894509e-17
2.258450478170435587e-16
4.607869582059905689e-16
1.261750073736494532e-16
1.006133944304028375e-15
1.065219044614147577e-15
1.797251707101509137e-15
1.029411299256138738e-15
1.300263868815419687e-15
1.657717507222782347e-15
1.167680002103419974e-15
8.879345914350844938e-16
1.746648625872583446e-15
1.246071375271856161e-15
1.102453105328369890e-15
2.148181245493109363e-15
9.875743697671371296e-16
5.791575879974614735e-16
4.953730547831192043e-16
1.287199435863789670e-16
4.868950017271430078e-16
4.713556140351944497e-16
1.003308299220189733e-16
4.808329424418558269e-17
7.177905383274904635e-17
1.996467800559827480e-31
