-3.089924788183159209e-25
1.407280405986176552e-24
-1.046115997668916645e-23
-3.860415327683724404e-24
-2.395096483964375924e-24
-9.166885291449907060e-23
5.708045736789810312e-21
7.772012851062355453e-24
3.776856361638232074e-09
2.209178883195640233e-09
-2.498818087369634961e-09
-2.650003325282285698e-09
-9.144750799012243293e-10
-9.696695560696740947e-11
-4.853438096649264045e-11
-9.691136888065828761e-12
9.030154052653232206e-09
5.402407653359275837e-09
-5.646865685151037877e-09
-6.131811242300944618e-09
-2.186197255598719151e-09
-2.339870499067251765e-10
-1.171355825307371153e-10
-2.337800002234496911e-11
1.566703194177137935e-08
9.614085424925496285e-09
-9.116737482685963848e-09
-1.019673204499399561e-08
-3.778316695164384878e-09
-4.088981734867813180e-10
-2.047446907109539704e-10
-4.084351827051679805e-11
2.355510137972454328e-08
1.485689328669272299e-08
-1.253299538589226159e-08
-1.454108558991325552e-08
-5.634464489149024239e-09
-6.176992756710802815e-10
-3.093919784615877152e-10
-6.169056076901833434e-11
3.253149081253748345e-08
2.111567162005416991e-08
-1.551082466841269988e-08
-1.883337359193834467e-08
-7.681395919912667499e-09
-8.546490045594801608e-10
-4.282457029471611521e-10
-8.535292115870275030e-11
4.241287922942161519e-08
2.834294497089861485e-08
-1.769620197602527503e-08
-2.274541818019601945e-08
-9.833578442515462396e-09
-1.112529145347638058e-09
-5.577416144186356871e-10
-1.111220713252132309e-10
5.300512950280924805e-08
3.645680252265945985e-08
-1.880211419421865459e-08
-2.598364470759776692e-08
-1.199948491158880816e-08
-1.383074880177991573e-09
-6.937939911673367502e-10
-1.381896259451590309e-10
6.411147682149714424e-08
4.534151893241880678e-08
-1.863612868543926400e-08
-2.831657386285247960e-08
-1.408902537801494333e-08
-1.657545757017021959e-09
-8.320755452750374416e-10
-1.657027657196394236e-10
7.553874811329041653e-08
5.485093377773784467e-08
-1.711614321857791261e-08
-2.959511121183814937e-08
-1.602126914831074558e-08
-1.927382266665120441e-09
-9.683390556924362167e-10
-1.928272646176231854e-10
8.710160279283082609e-08
6.481426375926466548e-08
-1.427309096419967508e-08
-2.976329015917292237e-08
-1.773144161561730917e-08
-2.184867132378862212e-09
-1.098741699600963313e-09
-2.188104164951791621e-10
9.862517554215119112e-08
7.504374734515302423e-08
-1.024134781786001945e-08
-2.885854147190670801e-08
-1.917619253168766396e-08
-2.423698952869303317e-09
-1.220126300498052130e-09
-2.430350978685371376e-10
1.099466855873205562e-07
8.534335204742560467e-08
-5.239227395133939968e-09
-2.700206431066930791e-08
-2.033633376220405461e-08
-2.639388423914975027e-09
-1.330216435349663436e-09
-2.650567035725689692e-10
1.209165554292696245e-07
9.551772276212642365e-08
4.569949548027127073e-10
-2.438119275833172657e-08
-2.121662121527322729e-08
-2.829412794511390404e-09
-1.427693193799850808e-09
-2.846169461560654875e-10
1.313994471136430533e-07
1.053806035183853796e-07
6.541701161851991693e-09
-2.122657031297428731e-08
-2.184263018642949691e-08
-2.993101656560151934e-09
-1.512140444517373126e-09
-3.016322006119167325e-10
1.412753836279456114e-07
1.147621075114865196e-07
1.270761535081657054e-08
-1.778734747921431340e-08
-2.225523952361165718e-08
-3.131276367353816678e-09
-1.583869621629767071e-09
-3.161586455396084130e-10
1.504409553634175397e-07
1.235143986513530282e-07
1.866968794820368139e-08
-1.430748762475861448e-08
-2.250363606035554837e-08
-3.245710333156124558e-09
-1.643656698249960108e-09
-3.283406328132341699e-10
1.588104425013833845e-07
1.315155633984685456e-07
2.418330671208245421e-08
-1.100570600162592772e-08
-2.263794006314544398e-08
-3.338511744109236600e-09
-1.692441385110454944e-09
-3.383521638339842908e-10
1.663166640815372362e-07
1.386716446371771910e-07
2.905599488822691927e-08
-8.060722862150623453e-09
-2.270255606590277538e-08
-3.411543250856764924e-09
-1.731044794386772351e-09
-3.463422441236510351e-10
1.729113676986873160e-07
1.449169821675320931e-07
3.315269118408020764e-08
-5.602573126194690117e-09
-2.273114902147842426e-08
-3.465982483820630144e-09
-1.759957151859917791e-09
-3.523940817901609014e-10
1.785650349532519662e-07
1.502130989504235966e-07
3.639540841317244806e-08
-3.709843441359507425e-09
-2.274380088157534539e-08
-3.502095449943445177e-09
-1.779230874503884300e-09
-3.565050445592104388e-10
1.832660810689744727e-07
1.545464854401876160e-07
3.875849498496216517e-08
-2.412024507599441358e-09
-2.274649445552535832e-08
-3.519249349850951174e-09
-1.788492030614395058e-09
-3.585897531112969500e-10
1.870194968624285002e-07
1.579255949357135815e-07
4.026091188987987108e-08
-1.695735751687111651e-09
-2.273268456942265110e-08
-3.516142799069419207e-09
-1.787059195851693967e-09
-3.585041402023727758e-10
1.898450332435036859e-07
1.603773999736135233e-07
4.095688517373441874e-08
-1.513404734570200123e-09
-2.268642509775279211e-08
-3.491190741116057937e-09
-1.774137804976493057e-09
-3.560842777212592370e-10
1.917750793198192099e-07
1.619437859710343869e-07
4.092611489490109052e-08
-1.793030291784210807e-09
-2.258636010257098176e-08
-3.442976936301105607e-09
-1.749046855907625193e-09
-3.511913243985912142e-10
1.928523786460020188e-07
1.626780162666968478e-07
4.026445232522712868e-08
-2.447865054851230886e-09
-2.240986992022425831e-08
-3.370682286055143246e-09
-1.711430986875642272e-09
-3.437536559348239767e-10
1.931277265377749905e-07
1.626414383660505632e-07
3.907566496904753119e-08
-3.385147421376089523e-09
-2.213676221561587486e-08
-3.274411514772665016e-09
-1.661420103609314579e-09
-3.337983127343134927e-10
1.926577586083930075e-07
1.619005399622115976e-07
3.746464158061750707e-08
-4.513330965067554830e-09
-2.175208092460769957e-08
-3.155368344505757105e-09
-1.599711215943131673e-09
-3.214671589134242760e-10
1.915029180514302106e-07
1.605244214922230818e-07
3.553215849866683900e-08
-5.747555582389824578e-09
-2.124781620025904357e-08
-3.015862876303351322e-09
-1.527564775143504171e-09
-3.070158487952672324e-10
1.897256564073324638e-07
1.585826940718118368e-07
3.337116441824346276e-08
-7.013347304310509671e-09
-2.062349950008916761e-08
-2.859166305832133918e-09
-1.446724154315185179e-09
-2.907975812955029709e-10
1.873888953556415275e-07
1.561438071080489387e-07
3.106442561021017761e-08
-8.248702636777893736e-09
-1.988582657119855162e-08
-2.689251916609185525e-09
-1.359278379684201989e-09
-2.732353022000770704e-10
1.845547573342602635e-07
1.532737614703076918e-07
2.868331261756995798e-08
-9.404821896419727371e-09
-1.904754978819344100e-08
-2.510473614322814520e-09
-1.267494504952435918e-09
-2.547880095931515079e-10
1.812835549249545197e-07
1.500351704706789913e-07
2.628748939848330436e-08
-1.044579888088151690e-08
-1.812592324572053395e-08
-2.327234498644398446e-09
-1.173646943172917997e-09
-2.359162070953612964e-10
1.776330186613487393e-07
1.464866202472434692e-07
2.392526703843132071e-08
-1.134757772404927326e-08
-1.714097285117639960e-08
-2.143689762372217754e-09
-1.079865983805035362e-09
-2.170513536955262508e-10
1.736577380615187141e-07
1.426822772814855182e-07
2.163441418236973386e-08
-1.209645469217232098e-08
-1.611381869626716353e-08
-1.963514571562863742e-09
-9.880211061790805404e-10
-1.985721722082100254e-10
1.694087851681386533e-07
1.386716959012029190e-07
1.944324554269441576e-08
-1.268735919085180767e-08
-1.506521364940789652e-08
-1.789751837012710708e-09
-8.996462438160111143e-10
-1.807895026381068090e-10
1.649334923781362301e-07
1.344997838610733657e-07
1.737184840049392903e-08
-1.312209250262871680e-08
-1.401439437946364213e-08
-1.624740822971496681e-09
-8.159068873523219651e-10
-1.639395916476612825e-10
1.602753540987352537e-07
1.302068867554281398e-07
1.543334057471132116e-08
-1.340765208676653953e-08
-1.297827946008209690e-08
-1.470116496626436316e-09
-7.376036431169223226e-10
-1.481847427064314069e-10
1.554740305196146472e-07
1.258289586032768906e-07
1.363508706084542785e-08
-1.355472286423088452e-08
-1.197100365033350976e-08
-1.326863331807823756e-09
-6.652032124865576210e-10
-1.336195757189441780e-10
1.505654254596461396e-07
1.213977948188785846e-07
1.197982443688197249e-08
-1.357637978345534111e-08
-1.100374391613110875e-08
-1.195404811703076942e-09
-5.988870013370110690e-10
-1.202808836167034164e-10
1.455818236460730366e-07
1.169413023213827083e-07
1.046666792888952976e-08
-1.348701674200842263e-08
-1.008477667003463017e-08
-1.075710935976333197e-09
-5.386082008432392997e-10
-1.081591988518129981e-10
1.405520673935477118e-07
1.124837925851842158e-07
9.091986393153207944e-09
-1.330149725280619532e-08
-9.219700682036497211e-09
-9.674090184849879473e-10
-4.841498071933472401e-10
-9.721057235342629397e-11
1.355017616520680630e-07
1.080462834916451015e-07
7.850145719070876602e-09
-1.303450877478295186e-08
-8.411763780716034628e-09
-8.698871509508824779e-10
-4.351780294332034916e-10
-8.736741923021721885e-11
1.304534944988194518e-07
1.036468000032844934e-07
6.734125491729814736e-09
-1.270009575783552740e-08
-7.662241063525601730e-09
-7.823837694146186355e-10
-3.912880638006864570e-10
-7.854782192942789613e-11
1.254270657399136664e-07
9.930066728134815427e-08
5.736020428694792809e-09
-1.231134305190925977e-08
-6.970823284293030421e-09
-7.040602840722735930e-10
-3.520407753906282328e-10
-7.066296187659927890e-11
1.204397164571884559e-07
9.502079003478550593e-08
4.847439374655208963e-09
-1.188018150295726610e-08
-6.335986605498409644e-09
-6.340564376931570977e-10
-3.169902801033302799e-10
-6.362271838782798683e-11
1.155063545095917657e-07
9.081791624910239682e-08
4.059815265972651126e-09
-1.141728951701994940e-08
-5.755324976692704219e-09
-5.715298186861186346e-10
-2.857033086279659780e-10
-5.733958234001687882e-11
1.106397721650895638e-07
8.670088276287692717e-08
3.364640547045156008e-09
-1.093206722868096718e-08
-5.225835603659768454e-09
-5.156819383694653814e-10
-2.577717066051147438e-10
-5.173117897204282115e-11
1.058508537268229666e-07
8.267684077908260936e-08
2.753639912823857948e-09
-1.043266335812167871e-08
-4.744154301474311020e-09
-4.657736260526390831e-10
-2.328195310024499258e-10
-4.672169164553612664e-11
1.011487707902394154e-07
7.875146289185127029e-08
2.218892712931068025e-09
-9.926038505074764348e-09
-4.306742327854621258e-09
-4.211324268922188405e-10
-2.105061907610903709e-10
-4.224248373387453573e-11
9.654116488640497428e-08
7.492913124344061172e-08
1.752914388672895426e-09
-9.418051702208896785e-09
-3.910029088399279235e-09
-3.811543443105154824e-10
-1.905268185926195640e-10
-3.823215888720051326e-11
9.203431657349994604e-08
7.121310614961075899e-08
1.348706127557972700e-09
-8.913560170980088786e-09
-3.550516585972434195e-09
-3.453018714338226660e-10
-1.726108590898399026e-10
-3.463626628126279774e-11
8.763330107413767832e-08
6.760567896382653511e-08
9.997798013200400229e-10
-8.416524709516343255e-09
-3.224852088521432532e-09
-3.130997712290520375e-10
-1.565196441405949783e-10
-3.140679775614200279e-11
8.334213046088809783e-08
6.410830768916123525e-08
7.001643006478223324e-10
-7.930115123056371655e-09
-2.929875220889306039e-09
-2.841296840771758257e-10
-1.420434429806697570e-10
-2.850158726221922708e-11
7.916388358413782837e-08
6.072173815837060569e-08
4.443981123315368658e-10
-7.456811924812278197e-09
-2.662645206039190875e-09
-2.580243016139373014e-10
-1.289983690750108083e-10
-2.588367937773488920e-11
7.510082354435259092e-08
5.744611129816624755e-08
2.275120941397710653e-10
-6.998501829007166400e-09
-2.420453167487020448e-09
-2.344615737128321282e-10
-1.172233589151463560e-10
-2.352071598084100389e-11
7.115450376033131780e-08
5.428105803862572158e-08
4.500564406183125395e-11
-6.556565558591428778e-09
-2.200823608852994976e-09
-2.131592369641442370e-10
-1.065773510406196194e-10
-2.138436505522268839e-11
6.732586367360900907e-08
5.122578269979653355e-08
-1.071814227055912844e-10
-6.131957171503418130e-09
-2.001508363016904072e-09
-1.938698088108413825e-10
-9.693672780299458266e-11
-1.944980325293248375e-11
6.361531410770335445e-08
4.827913646992153304e-08
-2.326993666366428583e-10
-5.725274799855259833e-09
-1.820475607204759211e-09
-1.763761090111703363e-10
-8.819304248814017178e-11
-1.769525699536624382e-11
6.002281421963947585e-08
4.543968138638781287e-08
-3.348199707832563486e-10
-5.336822912299795078e-09
-1.655895849870281288e-09
-1.604873065627483823e-10
-8.025102345006303562e-11
-1.610160049235224132e-11
5.654793962389998599e-08
4.270574662430645151e-08
-4.164679918680413648e-10
-4.966666639704683801e-09
-1.506126414128714638e-09
-1.460354726542720416e-10
-7.302683984806121968e-11
-1.465200527772273363e-11
5.318994326922458512e-08
4.007547710013827621e-08
-4.802517555965767531e-10
-4.614678638709070268e-09
-1.369695366593836075e-09
-1.328725879997464920e-10
-6.644659986925173770e-11
-1.333164016766633627e-11
4.994780938682208684e-08
3.754687600431808677e-08
-5.284925396410442960e-10
-4.280579241393378756e-09
-1.245285646000706443e-09
-1.208679563546835707e-10
-6.044505741154784711e-11
-1.212740912756735437e-11
4.682030122913999978e-08
3.511784113265393192e-08
-5.632522630348865114e-10
-3.963970549130694059e-09
-1.131719840534206895e-09
-1.099059758247598246e-10
-5.496449720755075818e-11
-1.102772821915828985e-11
4.380600326580906977e-08
3.278619696632617854e-08
-5.863595103483755094e-10
-3.664365198247261722e-09
-1.027945912639796307e-09
-9.988421721175596828e-11
-4.995377603381718043e-11
-1.002233284121921829e-11
4.090335856231966412e-08
3.054972147069761102e-08
-5.994333011060685725e-10
-3.381210411140599054e-09
-9.330239886234607633e-10
-9.071176882855120132e-11
-4.536749676909402823e-11
-9.102111745808485679e-12
3.811070129276358115e-08
2.840616964797935496e-08
-6.039054242159171782e-10
-3.113907890882082619e-09
-8.461143131042386010e-10
-8.230780836619226194e-11
-4.116529626443690173e-11
-8.258964230174654297e-12
3.542628564472651675e-08
2.635329345773767529e-08
-6.010404754908240268e-10
-2.861830423857077064e-09
-7.664663612413077166e-10
-7.460036986337976095e-11
-3.731123060127950410e-11
-7.485676356141006619e-12
3.284831097326277696e-08
2.438885874765017313e-08
-5.919542607750412073e-10
-2.624335186905724056e-09
-6.934090333405831811e-10
-6.752527731205699358e-11
-3.377324328932615011e-11
-6.775814890634060899e-12
3.037494382680111934e-08
2.251065964921288511e-08
-5.776303896482206410e-10
-2.400774715952797281e-09
-6.263419075200791872e-10
-6.102522048688029372e-11
-3.052270470492716178e-11
-6.123633854502374397e-12
2.800433714540561183e-08
2.071653072900791427e-08
-5.589353485233857248e-10
-2.190505599806742858e-09
-5.647274443745767679e-10
-5.504895317018860120e-11
-2.753401227420058590e-11
-5.523995126290656112e-12
2.573464702311299312e-08
1.900435711935793446e-08
-5.366319762036880456e-10
-1.992895376088955761e-09
-5.080840791815783461e-10
-4.955059592158149537e-11
-2.478424268425471454e-11
-4.972298344613854219e-12
2.356404721993529125e-08
1.737208308110406807e-08
-5.113916135572525518e-10
-1.807327961091241494e-09
-4.559800915866531821e-10
-4.448902890555908476e-11
-2.225284913001183880e-11
-4.464419870353571810e-12
2.149074176087895690e-08
1.581771898122583519e-08
-4.838049698617666802e-10
-1.633207757518215321e-09
-4.080281982583461788e-10
-3.982736218533392184e-11
-1.992139715899590045e-11
-3.996660403361740653e-12
1.951297582314618741e-08
1.433934707453840966e-08
-4.543918674233119977e-10
-1.469962769837965547e-09
-3.638807710542640826e-10
-3.553247287556132525e-11
-1.777333360652787899e-11
-3.565697827628743636e-12
1.762904513331101794e-08
1.293512622770967558e-08
-4.236099044157596336e-10
-1.317046864330264025e-09
-3.232256205970607851e-10
-3.157460016748170137e-11
-1.579378469674920449e-11
-3.168547374777652764e-12
1.583730403860089193e-08
1.160329571868420979e-08
-3.918622399148851104e-10
-1.173941346646775644e-09
-2.857822781377136853e-10
-2.792699064745053919e-11
-1.396937886379732227e-11
-2.802525601972264404e-12
1.413617242429111195e-08
1.034217815575884361e-08
-3.595045069157233204e-10
-1.040155986274113594e-09
-2.512987162236416261e-10
-2.456558682010697457e-11
-1.228809140882348107e-11
-2.465219427013191551e-12
1.252414162086349913e-08
9.150181854853411215e-09
-3.268509780410430961e-10
-9.152296126972772334e-10
-2.195484619096635646e-10
-2.146875405418863996e-11
-1.073910815969397558e-11
-2.154458732969127655e-12
1.099977950273950482e-08
8.025802630076391439e-09
-2.941800801512073816e-10
-7.987303601348849742e-10
-1.903280498887997860e-10
-1.861704045033343645e-11
-9.312705566068042432e-12
-1.868292117351211048e-12
9.561734712658108003e-09
6.967625046367218308e-09
-2.617393029713942177e-10
-6.902556876166843959e-10
-1.634547817145957757e-10
-1.599296567428588604e-11
-8.000145313285988912e-12
-1.604966294811038524e-12
8.208740320509356837e-09
5.974323331027214650e-09
-2.297495792187979873e-10
-5.894321692963457316e-10
-1.387647523816962356e-10
-1.358083555389494387e-11
-6.793581688668552541e-12
-1.362906667738175944e-12
6.939616848108443802e-09
5.044661959426325713e-09
-1.984092184433938474e-10
-4.959151586489418424e-10
-1.161111136380454841e-10
-1.136657891646778749e-11
-5.685980140287597907e-12
-1.140701682166706897e-12
5.753274848510674771e-09
4.177495965200371904e-09
-1.678974061386527882e-10
-4.093883806831320619e-10
-9.536254981092558177e-11
-9.337604377938293581e-12
-4.671045723071604834e-12
-9.370881507336552235e-13
4.648717016258387891e-09
3.371771001051761119e-09
-1.383773730156227472e-10
-3.295634763555494343e-10
-7.640193844822931832e-11
-7.482674683865789595e-12
-3.743160350625635488e-12
-7.509387249654213868e-13
3.625039946930779951e-09
2.626523283079613971e-09
-1.099991914797698473e-10
-2.561794847418854446e-10
-5.912517933566903564e-11
-5.791796752082172900e-12
-2.897327893410152694e-12
-5.812508724376967512e-13
2.681435570924663549e-09
1.940879337479011551e-09
-8.290241214331457522e-11
-1.890023875682169956e-10
-4.344017210225357591e-11
-4.256125704226719560e-12
-2.129126203881267612e-12
-4.271372307029603816e-13
1.817192308719098579e-09
1.314055660228084519e-09
-5.721830429019753887e-11
-1.278246493784571988e-10
-2.926592788617572249e-11
-2.867881469811783588e-12
-1.434665469777809670e-12
-2.878172304779831018e-13
1.031695978805348893e-09
7.453582907461630604e-10
-3.307203103474741291e-11
-7.246481544281894824e-11
-1.653180208818704972e-11
-1.620276774510676618e-12
-8.105522507275179714e-13
-1.626101419543223414e-13
3.244304981556962786e-10
2.341823041096528179e-10
-1.058457106192576440e-11
-2.276717879353248082e-11
-5.176836929459118055e-12
-5.074554250901944180e-13
-2.538586406443196086e-13
-5.092829025139370959e-14
-3.050216205227913580e-10
-2.199887465299780768e-10
1.012549450145663606e-11
2.139848255477267358e-11
4.850795635376213571e-12
4.755599318087367808e-13
2.379038298517185408e-13
4.772756488676683499e-14
-8.569789424339264317e-10
-6.175834380546214070e-10
2.894031576480144264e-11
6.013707561174333164e-11
1.359425853582440818e-11
1.332911352153213530e-12
6.668059434894175529e-13
1.337729077705636311e-13
-1.331660954291781138e-09
-9.589431175401384021e-10
4.574121054714409860e-11
9.352826505524549239e-11
2.108842838193715981e-11
2.067941023017931422e-12
1.034518494083324764e-12
2.075429515925514399e-13
-1.729188064564781677e-09
-1.244322590218358372e-09
6.040719283257037517e-11
1.216264350817536345e-10
2.736019385336192067e-11
2.683219088371056152e-12
1.342326179904118390e-12
2.692954299790380608e-13
-2.049581769713441159e-09
-1.473890841141485447e-09
7.281357407260072490e-11
1.444605353122409483e-10
3.242867786961262911e-11
3.180564234458059002e-12
1.591137885310096294e-12
3.192126566995369973e-13
-2.292764978799766831e-09
-1.647731810928200101e-09
8.283060544614638403e-11
1.620338064355024709e-10
3.630538647585170062e-11
3.561057358250157924e-12
1.781493504139666084e-12
3.574028932075105550e-13
-2.458562520100327800e-09
-1.765845219168613860e-09
9.032215980294644724e-11
1.743233630036399645e-10
3.899428748054439131e-11
3.825048489336623363e-12
1.913567381172570762e-12
3.839010410265664554e-13
-2.546701842625397885e-09
-1.828147463811880076e-09
9.514444829684906830e-11
1.812796428847602737e-10
4.049181900236793097e-11
3.972157113815230360e-12
1.987168461215391562e-12
3.986686662324581307e-13
-2.556813921582725805e-09
-1.834472609700259337e-09
9.714474237681305234e-11
1.828257094208664211e-10
4.078682951023503924e-11
4.001265860525024709e-12
2.001737135806123002e-12
4.015933669577206797e-13
-2.488434425531888324e-09
-1.784573484073359072e-09
9.616008462399526656e-11
1.788563881662377113e-10
3.986044764869519702e-11
3.910507612894778713e-12
1.956338766980952302e-12
3.924874704725742216e-13
-2.341005144568754917e-09
-1.678122918769618854e-09
9.201601334415079600e-11
1.692372526346600300e-10
3.768588197666283305e-11
3.697245800443684476e-12
1.849653835331992021e-12
3.710860534330019235e-13
-2.113875747221351051e-09
-1.514715150169210570e-09
8.452525100725241882e-11
1.538034198486394265e-10
3.422814694459068386e-11
3.358047738723585637e-12
1.679964584684228995e-12
3.370442577358268901e-13
-1.806305910951194549e-09
-1.293867453652496245e-09
7.348637312177514168e-11
1.323581805498626820e-10
2.944371298216711213e-11
2.888650657967539558e-12
1.445138039009956127e-12
2.899338786478663730e-13
-1.417467877953668419e-09
-1.015022008731597667e-09
5.868243920511272305e-11
1.046714220208173369e-10
2.328007657812567556e-11
2.283920110980316027e-12
1.142605179232309344e-12
2.292392013052821545e-13
-9.464495058028533770e-10
-6.775480897672873895e-10
3.987958199564196657e-11
7.047786310076288925e-11
1.567524474681516489e-11
1.537800220001314337e-12
7.693360629229623074e-13
1.543519015670135019e-13
-3.922579027120175179e-10
-2.807446160538094239e-10
1.682555000087607952e-11
2.947507197823374049e-11
6.557128768490357221e-12
6.432552455924382951e-13
3.218105820612082126e-13
6.456537229782064847e-14
2.461762826881908848e-10
1.761568510763309219e-10
-1.075180498706109379e-11
-1.867873162532676951e-11
-4.157160645786319342e-12
-4.077982203333767903e-13
-2.040154434254357324e-13
-4.093228610412727359e-14
9.699937975242431006e-10
6.939886017937816567e-10
-4.314609664274228639e-11
-7.436710380046523681e-11
-1.656212455924009769e-11
-1.624569185917545275e-12
-8.127492550425306941e-13
-1.630660185117330629e-13
1.780400844207421505e-09
1.273642660042968536e-09
-8.067403399048885113e-11
-1.380180373751685453e-10
-3.076480299499449025e-11
-3.017481220526659434e-12
-1.509605651525771778e-12
-3.028827345978649754e-13
2.678662119434000286e-09
1.916065954537360215e-09
-1.236771136573008116e-10
-2.101068669082265531e-10
-4.688582910595536946e-11
-4.598273455531347797e-12
-2.300457499697666945e-12
-4.615614985525376909e-13
3.666092702049666430e-09
2.622254665256834323e-09
-1.725233728018159177e-10
-2.911594165761738236e-10
-6.506062202222913787e-11
-6.380114740317052708e-12
-3.191892847484028458e-12
-6.404249800873429809e-13
4.744048602324716603e-09
3.393247614830001012e-09
-2.276092068507752127e-10
-3.817554008773680021e-10
-8.544073310092035895e-11
-8.377732309060394201e-12
-4.191279251278973759e-12
-8.409524071682809880e-13
5.913915813643118002e-09
4.230118541097967676e-09
-2.893612394670825975e-10
-4.825320658432095986e-10
-1.081953597193567422e-10
-1.060755629019466319e-11
-5.306836065103597207e-12
-1.064794048212327255e-12
7.177097607926173691e-09
5.133967105269521119e-09
-3.582382508053020535e-10
-5.941880752578469818e-10
-1.335130451021354601e-10
-1.308788175031645996e-11
-6.547715481387171738e-12
-1.313787543865280417e-12
8.534999926528990807e-09
6.105908433413845832e-09
-4.347331468758593655e-10
-7.174876157853782084e-10
-1.616035815844142783e-10
-1.583905004398732073e-11
-7.924093174474604833e-12
-1.589976106084791100e-12
9.989014506792106371e-09
7.147060985009568073e-09
-5.193749631700842970e-10
-8.532647169017580443e-10
-1.927001393231279736e-10
-1.888365121534542306e-11
-9.447269580943934240e-12
-1.895628866675731952e-12
1.154049951412775502e-08
8.258532486674528533e-09
-6.127308683546942942e-10
-1.002427740848986215e-09
-2.270616411188453550e-10
-2.224674983494584621e-11
-1.112978279686537833e-11
-2.233263623622231927e-12
1.319075738682767902e-08
9.441403723043681493e-09
-7.154082114290818959e-10
-1.165963994150789588e-09
-2.649754094594400794e-10
-2.595613653459539378e-11
-1.298553431739671896e-11
-2.605671916661744820e-12
1.494100943363669173e-08
1.069670982031486919e-08
-8.280565085471625092e-10
-1.344944416927468792e-09
-3.067601079760248098e-10
-3.004260725056129191e-11
-1.502992866640729344e-11
-3.015947659691556780e-12
1.679236693347176612e-08
1.202541876530852783e-08
-9.513693866843008661e-10
-1.540528267677556428e-09
-3.527690065270224836e-10
-3.454027339426869873e-11
-1.728002853994885992e-11
-3.467517443321858999e-12
1.874579821945933435e-08
1.342840668685518866e-08
-1.086086465149397080e-09
-1.753967661649355967e-09
-4.033935924623262837e-10
-3.948690541962140387e-11
-1.975472636373132670e-11
-3.964175860581553097e-12
2.080209130591351841e-08
1.490642969159802966e-08
-1.232995109758207574e-09
-1.986611907068309427e-09
-4.590675554344418897e-10
-4.492431217211594805e-11
-2.247493417037438686e-11
-4.510123280546511008e-12
2.296181158902590755e-08
1.646009161129312557e-08
-1.392932030203143578e-09
-2.239911416809803939e-09
-5.202711654645641975e-10
-5.089875937520451914e-11
-2.546379249935215957e-11
-5.110008014268143813e-12
2.522525406766248485e-08
1.808980729336167869e-08
-1.566784682077590465e-09
-2.515420942923104947e-09
-5.875360602945270095e-10
-5.746142911401444506e-11
-2.874690039942393176e-11
-5.768972579602725023e-12
2.759238949751620154e-08
1.979576098703189311e-08
-1.755492417656055656e-09
-2.814802024649342901e-09
-6.614504527465479287e-10
-6.466892348514348427e-11
-3.235256660501464534e-11
-6.492704065024626228e-12
3.006280397909995799e-08
2.157785914691320712e-08
-1.960047340217261272e-09
-3.139824180141810633e-09
-7.426647421255844296e-10
-7.258381276222487183e-11
-3.631208406463023486e-11
-7.287489844780470942e-12
3.263563118614030108e-08
2.343567713686549456e-08
-2.181494798911273937e-09
-3.492364621083096262e-09
-8.318975106768349155e-10
-8.127523068606459729e-11
-4.066002672922310609e-11
-8.160276969910654869e-12
3.530947681160584875e-08
2.536839927378800212e-08
-2.420933473679560530e-09
-3.874405804983153526e-09
-9.299418400256648538e-10
-9.081951359684497146e-11
-4.543456948318640663e-11
-9.118736772253857437e-12
3.808233450157010682e-08
2.737475160534178567e-08
-2.679515050238307778e-09
-4.288030666361249458e-09
-1.037671847979146857e-09
-1.013008839132994598e-10
-5.067782911178293281e-11
-1.017133327503814110e-11
4.095149263551537886e-08
2.945292681106954165e-08
-2.958443345044784678e-09
-4.735414652910622467e-09
-1.156049283265226659e-09
-1.128121688844476515e-10
-5.643622399768365427e-11
-1.132739697346024716e-11
4.391343150561585602e-08
3.160050051950335130e-08
-3.258972959286686919e-09
-5.218813782732547291e-09
-1.286129937672199942e-09
-1.254555471673495145e-10
-6.276084704999774566e-11
-1.259719803933598286e-11
4.696371050312166538e-08
3.381433870652585418e-08
-3.582407415572368867e-09
-5.740548381729018632e-09
-1.429069524312840139e-09
-1.393433060854982048e-10
-6.970784452494628471e-11
-1.399202477174905248e-11
5.009684467398301608e-08
3.609049583023527462e-08
-3.930096748348090231e-09
-6.302981142223163076e-09
-1.586128533413396003e-09
-1.545985837719717907e-10
-7.733878793710501146e-11
-1.552425793596678959e-11
5.330617100701028878e-08
3.842410300038061250e-08
-4.303434676445403551e-09
-6.908488873711782464e-09
-1.758675392265808284e-09
-1.713560603312981820e-10
-8.572102166795652957e-11
-1.720744144357209181e-11
5.658370404092443383e-08
4.080924665704676327e-08
-4.703855374042822270e-09
-7.559426811253536258e-09
-1.948187034132348952e-09
-1.897625431672847422e-10
-9.492795824985798135e-11
-1.905634249093385673e-11
5.991998184530324686e-08
4.323883755277029199e-08
-5.132829923637708312e-09
-8.258084553952915705e-09
-2.156245691194481380e-09
-2.099773684045839258e-10
-1.050392852048739106e-10
-2.108699377294043877e-11
6.330390287053824137e-08
4.570447116824962658e-08
-5.591862677063010148e-09
-9.006632563646081630e-09
-2.384530421736834901e-09
-2.321725083344262119e-10
-1.161410270193777178e-10
-2.331670627129485062e-11
6.672255558941339040e-08
4.819627997475027888e-08
-6.082487534500837480e-09
-9.807058346368595361e-09
-2.634801472547664354e-09
-2.565322316106514503e-10
-1.283253909193897433e-10
-2.576404227165799792e-11
7.016104268172882512e-08
5.070278027223286560e-08
-6.606264262914566182e-09
-1.066109151619941878e-08
-2.908875220026037366e-09
-2.832521071168367661e-10
-1.416902845743600055e-10
-2.844871234190481390e-11
7.360230411458222696e-08
5.321071574516126510e-08
-7.164774990765608142e-09
-1.157011725152613221e-08
-3.208587005224847313e-09
-3.125370723566536589e-10
-1.563383802061908671e-10
-3.139139210176282528e-11
7.702694207747116216e-08
5.570490185574607051e-08
-7.759620359031333537e-09
-1.253507778739458247e-08
-3.535738859381817242e-09
-3.445982048534873356e-10
-1.723755329627472781e-10
-3.461340418830784517e-11
8.041305481630845911e-08
5.816807595097868903e-08
-8.392415146115216524e-09
-1.355636234931481284e-08
-3.892028940524966540e-09
-3.796477431933536473e-10
-1.899083340043289733e-10
-3.813621838306805061e-11
8.373608594554971499e-08
6.058076035339088846e-08
-9.064782021378124366e-09
-1.463368587596583519e-08
-4.278959529183717960e-09
-4.178918150670908213e-10
-2.090405198518864087e-10
-4.198072765998583264e-11
8.696869905476610246e-08
6.292114664720310317e-08
-9.778341522845851322e-09
-1.576595797003558435e-08
-4.697720848855917860e-09
-4.595202614915805607e-10
-2.298679291555731216e-10
-4.616622590762709934e-11
9.008068865617502762e-08
6.516501277581901490e-08
-1.053469535560544835e-08
-1.695114342023989539e-08
-5.149048998668228678e-09
-5.046929242032811854e-10
-2.524716810320634231e-10
-5.070902348076533046e-11
9.303894161300734045e-08
6.728568563388075226e-08
-1.133539768517293771e-08
-1.818611635523244815e-08
-5.633057726496104703e-09
-5.535218279888085182e-10
-2.769092796293367240e-10
-5.562064328202153055e-11
9.580746450741881389e-08
6.925406609846868570e-08
-1.218190808870422668e-08
-1.946650970571352088e-08
-6.149046362702438659e-09
-6.060488807287530118e-10
-3.032034336354294529e-10
-6.090555278336448459e-11
9.834749701854122372e-08
7.103873536355435942e-08
-1.307551566938347984e-08
-2.078656173904839790e-08
-6.695288911723805364e-09
-6.622190732532392151e-10
-3.313285798291747593e-10
-6.655843366167143408e-11
1.006177304378190697e-07
7.260616414800669358e-08
-1.401722180760763827e-08
-2.213895975737847107e-08
-7.268813497789517521e-09
-7.218497165590465642e-10
-3.611953500994775367e-10
-7.256104040862923761e-11
1.025746554700672434e-07
7.392104918732748692e-08
-1.500756402822565684e-08
-2.351468002950914858e-08
-7.865185012553035586e-09
-7.845969992723067104e-10
-3.926336180197786382e-10
-7.887877602015903229e-11
1.041730615185207730e-07
7.494680203985088759e-08
-1.604636087424815142e-08
-2.490282010850622773e-08
-8.478307705467353189e-09
-8.499220404669372379e-10
-4.253752426972395489e-10
-8.545722312427586178e-11
1.053667112012465483e-07
7.564621590437820300e-08
-1.713235372238396339e-08
-2.629041725378924887e-08
-9.100267943529509336e-09
-9.170595313128521719e-10
-4.590380337753933103e-10
-9.221893494250230563e-11
1.061092088365440597e-07
7.598233304594674832e-08
-1.826272045318045705e-08
-2.766224417606101081e-08
-9.721238050674498399e-09
-9.849928652971259340e-10
-4.931129888863689622e-10
-9.906091056726130991e-11
1.063550777528719505e-07
7.591952943353108275e-08
-1.943243731030100292e-08
-2.900057169757778707e-08
-1.032946248912808520e-08
-1.052440126494414868e-09
-5.269569740736337892e-10
-1.058531847392569528e-10
1.060610510643479405e-07
7.542482433655911725e-08
-2.063347244989491109e-08
-3.028489022478810581e-08
-1.091134362530434456e-08
-1.117855273838445736e-09
-5.597931681532789003e-10
-1.124390060147218985e-10
1.051875673992806967e-07
7.446940507163835751e-08
-2.185380948599541417e-08
-3.149158687855844358e-08
-1.145163949447572372e-08
-1.179448079745708368e-09
-5.907210263323333184e-10
-1.186369575080427110e-10
1.037004462928588874e-07
7.303033821416519478e-08
-2.307632187091265302e-08
-3.259359101433832811e-08
-1.193377855442086107e-08
-1.235225364584815525e-09
-6.187371462402837874e-10
-1.242452376973773315e-10
1.015726966446025828e-07
7.109240988812882884e-08
-2.427755814685908075e-08
-3.356002127421812291e-08
-1.234028891948915883e-08
-1.283053536509335949e-09
-6.427669899043853413e-10
-1.290481730399436551e-10
9.878638698455755332e-08
6.865000501348778297e-08
-2.542654509703318659e-08
-3.435590143029223256e-08
-1.265333388827642189e-08
-1.320741154369761793e-09
-6.617069156217987926e-10
-1.328246958582884092e-10
9.533449066637081450e-08
6.570890344155225533e-08
-2.648377839887252597e-08
-3.494205479983391578e-08
-1.285534174137321648e-08
-1.346137634209469048e-09
-6.744742840079742953e-10
-1.353584639482836893e-10
9.122259489659017679e-08
6.228783613613178253e-08
-2.740063775142319186e-08
-3.527533264565405680e-08
-1.292971765507187857e-08
-1.357243058032988225e-09
-6.800632402990864710e-10
-1.364490306189437097e-10
8.647036439057188446e-08
5.841962345839986320e-08
-2.811952840009665925e-08
-3.530937677096205925e-08
-1.286162818391660976e-08
-1.352323276479146535e-09
-6.776030093875146169e-10
-1.359234279652114675e-10
8.111265614563658442e-08
5.415170231747377702e-08
-2.857509672330759269e-08
-3.499614254162907393e-08
-1.263885118285948638e-08
-1.330024262241755079e-09
-6.664155887830702470e-10
-1.336476222191688792e-10
7.520021515016112484e-08
4.954588363748778074e-08
-2.869687366300494259e-08
-3.428840434048171349e-08
-1.225268364835721087e-08
-1.289481029523676745e-09
-6.460703367828368153e-10
-1.295372527655317619e-10
6.879992433329000420e-08
4.467720723670566009e-08
-2.841364450920451483e-08
-3.314341223646471222e-08
-1.169889449164140495e-08
-1.230415569162246252e-09
-6.164328356629741191e-10
-1.235672232307501219e-10
6.199464605209094460e-08
3.963186267425789585e-08
-2.765969849334986065e-08
-3.152774741382775168e-08
-1.097869295816735221e-08
-1.153220634494793971e-09
-5.777062414306051103e-10
-1.157797923365314231e-10
5.488274716821810090e-08
3.450425306286489975e-08
-2.638286555927806611e-08
-2.942324458771024681e-08
-1.009966120434429200e-08
-1.059024781777065117e-09
-5.304629905824678395e-10
-1.062907772987398502e-10
4.757742537468733002e-08
2.939341088814283660e-08
-2.455390498627674494e-08
-2.683360059754346450e-08
-9.076578990260154040e-09
-9.497341672849150412e-10
-4.756649401550311958e-10
-9.529351219993597710e-11
4.020596198604467953e-08
2.439911306400552049e-08
-2.217639038802596330e-08
-2.379101721341086415e-08
-7.932034052516939798e-09
-8.280473307193962349e-10
-4.146696073739484126e-10
-8.306009032632749072e-11
3.290892734450309655e-08
1.961814291237937488e-08
-1.929581017851119955e-08
-2.036196216467644488e-08
-6.696711639328813650e-09
-6.974365386888123495e-10
-3.492203397138872470e-10
-6.993950246463619355e-11
2.583925002320881947e-08
1.514118543117356127e-08
-1.600624519488375219e-08
-1.665094705563453778e-08
-5.409252431614111008e-09
-5.620936672078895630e-10
-2.814186724240839761e-10
-5.635223587346560929e-11
1.916088100048222688e-08
1.105080133236393977e-08
-1.245282722387992367e-08
-1.280116581701082357e-08
-4.115592060492509051e-09
-4.268376141676381051e-10
-2.136777807821488389e-10
-4.278111243082714313e-11
1.304662486832418766e-08
7.420778568144780431e-09
-8.828316422169533599e-09
-8.990977112856592202e-09
-2.867731661090371216e-09
-2.969834604122453094e-10
-1.486571207274045864e-10
-2.975831865186127875e-11
7.674638019469435757e-09
4.316928793862693256e-09
-5.362651312600147263e-09
-5.425567379605656349e-09
-1.721931209409567662e-09
-1.781760952175439258e-10
-8.917951196413201267e-11
-1.784880526224333798e-11
3.223163127714369220e-09
1.799112013090642965e-09
-2.305228917623551518e-09
-2.323696451695749057e-09
-7.363611614028006354e-10
-7.619215765144580246e-11
-3.813243980367240537e-11
-7.630403712747293482e-12
-1.366717451978846576e-10
-7.600898166141145057e-11
9.911869202265628022e-11
9.985292014294837926e-11
3.171822611071058823e-11
3.284930430468502401e-12
1.643943260763241030e-12
3.288762317273130044e-13
-2.249737854942798173e-09
-1.252194364585816503e-09
1.638157032539340112e-09
1.654719555771820756e-09
5.291499306694766396e-10
5.491220001463449012e-11
2.747988637988397310e-11
5.495846665091262767e-12
-2.986723914073613102e-09
-1.671627282484596231e-09
2.160817112009185869e-09
2.196188210792978070e-09
7.103166892528972156e-10
7.395183565127567282e-11
3.700764957372966494e-11
7.398864320048733852e-12
-2.253698129567916755e-09
-1.274404798995200077e-09
1.602090138554673105e-09
1.644576308545635976e-09
5.406520371743340479e-10
5.654716518506609386e-11
2.829849347285988878e-11
5.655497325385151080e-12
-9.771615279033924842e-24
-1.081476291319846518e-23
3.131503995870125832e-24
1.801728606038718227e-23
2.951832520939265756e-24
6.660532697773257082e-23
6.428790253487073515e-20
3.847079481156240176e-27
