4.724975956839070827e-24
3.024013689458614234e-25
-3.508497120457327938e-24
-4.193392306764839035e-24
-2.694309456071651853e-25
-1.166968032156442493e-22
3.628267994626767401e-24
-4.930015243421185207e-24
2.710361555063672574e-10
1.527047766102788286e-10
-1.940562316769258154e-10
-1.985470753450065905e-10
-6.494417737183523540e-11
-6.783067001256496620e-12
-3.394471256202258888e-12
-6.784539726501404029e-13
2.797142834659273484e-10
1.558691744968303979e-10
-2.040332111016443844e-10
-2.065811736146787380e-10
-6.642033042256492994e-11
-6.903909690434960844e-12
-3.454863092927450116e-12
-6.908003967022055564e-13
3.583582400874789598e-11
1.990276773964929223e-11
-2.619930289373881035e-11
-2.641450784973104541e-11
-8.422324703688651483e-12
-8.733353115766799499e-13
-4.370426846846415705e-13
-8.741112911571301612e-14
-4.437731578372936092e-10
-2.474660235125329056e-10
3.202713429282632550e-10
3.234207343075006478e-10
1.031234835532788708e-10
1.069094496499552931e-11
5.350328411543589154e-12
1.070273782526802353e-12
-1.136558712796908473e-09
-6.406292153746022932e-10
7.981270034508333084e-10
8.117837214361072317e-10
2.608630007401762996e-10
2.709269071612851232e-11
1.355974373256093271e-11
2.712650557804343735e-12
-2.015770912252704885e-09
-1.154964470526892098e-09
1.358352095907002192e-09
1.399124093047420483e-09
4.563896355523769341e-10
4.757202087151351892e-11
2.381221368191059528e-11
4.763594374158254468e-12
-3.052016004133775078e-09
-1.785418635944400421e-09
1.947030592304017699e-09
2.041868189102506661e-09
6.805584323202920877e-10
7.131450102789678660e-11
3.570178828096971977e-11
7.141544283028968360e-12
-4.214653173035469101e-09
-2.525122477223904055e-09
2.511863654425624700e-09
2.696622456551176665e-09
9.238023898597283160e-10
9.746123119488942473e-11
4.880054226573776069e-11
9.760656507350716009e-12
-5.472929732460712476e-09
-3.364306148853204605e-09
3.007604830253100356e-09
3.323863123924065395e-09
1.176490385562847083e-09
1.251245095716319400e-10
6.266625005810587917e-11
1.253244482719370663e-11
-6.796824986889260132e-09
-4.289695940191071992e-09
3.399916117425369805e-09
3.890836867679328757e-09
1.429331275203898013e-09
1.534108279696367877e-10
7.685361677556406891e-11
1.536806797411981319e-11
-8.157635433079752320e-09
-5.284463643007341935e-09
3.667423529338103666e-09
4.373477691465955047e-09
1.673795930027081909e-09
1.814500321477266218e-10
9.092851720452715946e-11
1.818115177407545335e-11
-9.528369520938836120e-09
-6.328695969737248882e-09
3.802016558535984664e-09
4.757250545660942678e-09
1.902506117978794061e-09
2.084272390267730837e-10
1.044835793048212922e-10
2.089082908256300243e-11
-1.088402758017169547e-08
-7.400271818706083933e-09
3.807653469412843345e-09
5.036952881425950261e-09
2.109532499114031480e-09
2.336128165240547504e-10
1.171528867736887836e-10
2.342456614585032165e-11
-1.220182702644195998e-08
-8.475990074722729712e-09
3.698079510113326848e-09
5.215622703817023137e-09
2.290555389903940691e-09
2.563860421218225165e-10
1.286236402251787239e-10
2.572037734843339988e-11
-1.346140693440517922e-08
-9.532780131707288167e-09
3.493927602210003475e-09
5.302794824805495856e-09
2.442866441544721046e-09
2.762493175515614887e-10
1.386433115438804590e-10
2.772814895441362910e-11
-1.464501911938259794e-08
-1.054884549050004019e-08
3.219656385892760268e-09
5.312400599837261482e-09
2.565220785806224034e-09
2.928321462262588646e-10
1.470218595119456422e-10
2.941001889065046124e-11
-1.573769281947721794e-08
-1.150462761490215987e-08
2.900706444131709534e-09
5.260610003052341639e-09
2.657577258111401940e-09
3.058863030329242778e-10
1.536297895876909563e-10
3.073995608368380343e-11
-1.672735098101096811e-08
-1.238352052961224000e-08
2.561145425447198842e-09
5.163876954143650041e-09
2.720782766722298809e-09
3.152754167360361780e-10
1.583934478529495000e-10
3.170284594556094902e-11
-1.760485641596176517e-08
-1.317231112420484692e-08
2.221950339911545885e-09
5.037375148359629227e-09
2.756260494919291145e-09
3.209627243852383205e-10
1.612895395367364500e-10
3.229344508750972854e-11
-1.836397388060004523e-08
-1.386135387701755380e-08
1.899963459201963265e-09
4.893924708470810727e-09
2.765751601319360916e-09
3.230002021892551207e-10
1.623402342949984796e-10
3.251547871500214054e-11
-1.900124441761020643e-08
-1.444451533369263202e-08
1.607468600469244053e-09
4.743425087674791858e-09
2.751139813632832344e-09
3.215207094642327402e-10
1.616096674199866288e-10
3.238102479658698739e-11
-1.951577940906376871e-08
-1.491893671683080353e-08
1.352276647259031342e-09
4.592740039401291817e-09
2.714364744115912738e-09
3.167329175022800930e-10
1.592016674851477006e-10
3.191013666005720042e-11
-1.990898937364010942e-08
-1.528466985406279918e-08
1.138179973524736494e-09
4.445935062424883658e-09
2.657408873357972742e-09
3.089172503979245461e-10
1.552577395147786214e-10
3.113051080001732319e-11
-2.018426771710802563e-08
-1.554423658738294735e-08
9.656336424114653567e-10
4.304748029697228487e-09
2.582329952885737956e-09
2.984203033199163565e-10
1.499541054741013544e-10
3.007693786648753446e-11
-2.034665046220287154e-08
-1.570215749709821682e-08
8.325361657164347555e-10
4.169175162012050891e-09
2.491306567439284958e-09
2.856454874939254956e-10
1.434966515800502015e-10
2.879032060284216592e-11
-2.040247235582390788e-08
-1.576448517811009501e-08
7.350095549858986499e-10
4.038073255573751931e-09
2.386669255940978001e-09
2.710386921971985878e-10
1.361132592286493002e-10
2.731615282001578818e-11
-2.035903546203935846e-08
-1.573836756302524476e-08
6.681078955781690692e-10
3.909704668129712967e-09
2.270899544342496905e-09
2.550692723730120542e-10
1.280437721086173036e-10
2.570248883150376613e-11
-2.022430313038948278e-08
-1.563165799150146114e-08
6.264128799148175804e-10
3.782180853067404216e-09
2.146591485607024451e-09
2.382080225853884358e-10
1.195284501823031592e-10
2.399761055900426798e-11
-2.000662749452132518e-08
-1.545258079513180537e-08
6.044984614974420606e-10
3.653785544850843579e-09
2.016380594022443208e-09
2.209046968338100299e-10
1.107963117374213357e-10
2.224765799808063341e-11
-1.971451510895532611e-08
-1.520945512457761244e-08
5.972651005400594345e-10
3.523178896860246445e-09
1.882852686041921078e-09
2.035678293930343591e-10
1.020547706722582656e-10
2.049450627711345571e-11
-1.935643184080370797e-08
-1.491047528706867901e-08
6.001560846851627097e-10
3.389497344971738538e-09
1.748447549390174473e-09
1.865491359294540148e-10
9.348171772511794951e-11
1.877414005770359832e-11
-1.894064609385743818e-08
-1.456354344620062524e-08
6.092751047155245224e-10
3.252371210687721086e-09
1.615371718502382042e-09
1.701338755363393395e-10
8.522072397174154116e-11
1.711566044420542740e-11
-1.847510757768312323e-08
-1.417614826213166161e-08
6.214265840439878483e-10
3.111883984562201508e-09
1.485531035617768153e-09
1.545374888289984075e-10
7.737951816265978278e-11
1.554094730162823030e-11
-1.796735780830682192e-08
-1.375528273447960327e-08
6.340998732271814175e-10
2.968495824453276369e-09
1.360488749268779926e-09
1.399078825116388582e-10
7.003134344727225674e-11
1.406492010453677331e-11
-1.742446837255403955e-08
-1.330739461324715494e-08
6.454160368871987619e-10
2.822950171713209531e-09
1.241450359897525598e-09
1.263320762304092221e-10
6.321853491234172217e-11
1.269624332646532696e-11
-1.685300233106020303e-08
-1.283836260804515400e-08
6.540526629742622997e-10
2.676177803116500025e-09
1.129272517933374673e-09
1.138456292309730512e-10
5.695745759473190857e-11
1.143832191296262658e-11
-1.625899487592529563e-08
-1.235349298101607904e-08
6.591587045866270844e-10
2.529208149754185523e-09
1.024490960165357935e-09
1.024433022496878060e-10
5.124403758528072818e-11
1.029041343787507707e-11
-1.564794926917213095e-08
-1.185753120006300683e-08
6.602680303671053909e-10
2.383093694242103940e-09
9.273612891460883724e-10
9.208963977431018150e-11
4.605919058299018595e-11
9.248729011649443202e-12
-1.502484476987222328e-08
-1.135468461237090972e-08
6.572175958440889800e-10
2.238850086501527038e-09
8.379066193185493717e-10
8.272858669211032214e-11
4.137371327910845150e-11
8.307421500069896171e-12
-1.439415347123673213e-08
-1.084865257975724284e-08
6.500736975142120898e-10
2.097412266270022669e-09
7.559668331780977781e-10
7.429157499160022072e-11
3.715236587279150409e-11
7.459415987386839675e-12
-1.375986373956908791e-08
-1.034266139290296071e-08
6.390681710461209096e-10
1.959605411950371161e-09
6.812455295643646497e-10
6.670390612885593963e-11
3.335706270753846768e-11
6.697055438352380069e-12
-1.312550797952285099e-08
-9.839501671920185210e-09
6.245450032772819745e-10
1.826128594262297817e-09
6.133520113723524168e-10
5.988947256581043975e-11
2.994921277232067734e-11
6.012577521842298998e-12
-1.249419324368842545e-08
-9.341566707770577083e-09
6.069170757946903098e-10
1.697548726949269107e-09
5.518369027664981898e-10
5.377402167050751229e-11
2.689131768654414478e-11
5.398437396123522144e-12
-1.186863323731416787e-08
-8.850890509668048103e-09
5.866321781842516621e-10
1.574302344842315630e-09
4.962209418147359520e-10
4.828723354188970377e-11
2.414797395797128794e-11
4.847511651845580860e-12
-1.125118072175920008e-08
-8.369184538021250595e-09
5.641471321617986833e-10
1.456702957202165904e-09
4.460171935955295123e-10
4.336389428823647890e-11
2.168642566622303900e-11
4.353211400541730385e-12
-1.064385952936905337e-08
-7.897872774136411239e-09
5.399088565426842084e-10
1.344952037007548798e-09
4.007473536361042718e-10
3.894442005146288244e-11
1.947679757172373528e-11
3.909526525818338319e-12
-1.004839561204813585e-08
-7.438124449141074808e-09
5.143411262912243361e-10
1.239152078114173340e-09
3.599530429743593273e-10
3.497494240704020506e-11
1.749211507992857753e-11
3.511032681368318299e-12
-9.466246705831642594e-09
-6.990884471405974205e-09
4.878359181003725525e-10
1.139320493809774349e-09
3.232030451379235777e-10
3.140711750975561763e-11
1.570819238317562466e-11
3.152866989867111772e-12
-8.898630340641496530e-09
-6.556901305648123611e-09
4.607483398254349928e-10
1.045403481222173956e-09
2.900973984676456504e-10
2.819777668300471113e-11
1.410344617274478563e-11
2.830690689883947774e-12
-8.346550029037547459e-09
-6.136752368682649466e-09
4.333942904846623078e-10
9.572892135547465470e-10
2.602691461758029005e-10
2.530849923603044681e-11
1.265867469134057303e-11
2.540644387670054354e-12
-7.810819517304624996e-09
-5.730866937566285019e-09
4.060501353719308442e-10
8.748199827110469224e-10
2.333844202319505606e-10
2.270516000918203373e-11
1.135682681749120778e-11
2.279301471658868301e-12
-7.292085209818470000e-09
-5.339546803522714535e-09
3.789538182361541593e-10
7.978030628183048069e-10
2.091413977150149600e-10
2.035748370574971903e-11
1.018277664326871522e-11
2.043622615749413059e-12
-6.790846553950353332e-09
-4.962984686515753716e-09
3.523069417539008447e-10
7.260202098827905193e-10
1.872685451554971049e-10
1.823862402204899398e-11
9.123111739708520619e-12
1.830913197437424906e-12
-6.307474709525463468e-09
-4.601280617068114493e-09
3.262774666418070148e-10
6.592357940621940865e-10
1.675224585869241852e-10
1.632477669978768232e-11
8.165939066788185582e-12
1.638783574904203008e-12
-5.842229394480677701e-09
-4.254456489578242616e-09
3.010027410305996792e-10
5.972036412286458445e-10
1.496855199398837710e-10
1.459482941230461936e-11
7.300709866036845595e-12
1.465115111218084446e-12
-5.395274108007175524e-09
-3.922468871416777306e-09
2.765926707693122733e-10
5.396726701622813195e-10
1.335635210979258921e-10
1.303004882300608187e-11
6.518063291611200004e-12
1.308027403602668982e-12
-4.966689828532767509e-09
-3.605220274717778559e-09
2.531328781679826010e-10
4.863914551670553091e-10
1.189833550324634693e-10
1.161380262447177687e-11
5.809687548871006967e-12
1.165851014033808440e-12
-4.556487224112003201e-09
-3.302569046578589710e-09
2.306877467375857963e-10
4.371118513577944074e-10
1.057908347335569445e-10
1.033131384058765452e-11
5.168197450151737431e-12
1.037102685558201014e-12
-4.164617620225521471e-09
-3.014338001807588098e-09
2.093032861690601177e-10
3.915917982566590020e-10
9.384867359158875039e-11
9.169444439917589114e-12
4.587026285393616045e-12
9.204636166304841442e-13
-3.790982719793087172e-09
-2.740321958307425872e-09
1.890097852314394749e-10
3.495974366554641791e-10
8.303464195632028915e-11
8.116504926470028806e-12
4.060330910328335901e-12
8.147603733135772141e-13
-3.435443244930868958e-09
-2.480294264859640476e-09
1.698242175061833913e-10
3.109046445069070321e-10
7.323990216630818303e-11
7.162087070910868748e-12
3.582908222446038169e-12
7.189481074705177150e-13
-3.097826592037320777e-09
-2.234012473710473593e-09
1.517524063187160494e-10
2.753001029725211989e-10
6.436751641702865745e-11
6.296917080275039939e-12
3.150121914191275578e-12
6.320958220809873737e-13
-2.777933580905486043e-09
-2.001223227899839667e-09
1.347909461950990752e-10
2.425819640328142811e-10
5.633111722071203990e-11
5.512726651468886332e-12
2.757838100612252598e-12
5.533734431850337863e-13
-2.475544413292294968e-09
-1.781666484538861767e-09
1.189288922385777362e-10
2.125602174149878827e-10
4.905372766930076628e-11
4.802139831090298886e-12
2.402368817657516065e-12
4.820404648615969110e-13
-2.190423899460878390e-09
-1.575079126596498942e-09
1.041492357182908683e-10
1.850568091266774553e-10
4.246671808364862195e-11
4.158573664763188990e-12
2.080422434553161321e-12
4.174359783250756103e-13
-1.922326051592731204e-09
-1.381198073160503298e-09
9.043017396400584479e-11
1.599055731901374583e-10
3.650888507090403620e-11
3.576150958983735606e-12
1.789060070532479397e-12
3.589699168394766687e-13
-1.670998089738797756e-09
-1.199762922615759524e-09
7.774619712213399125e-11
1.369520177380106691e-10
3.112564042049974941e-11
3.049623674857589413e-12
1.525657338644873970e-12
3.061154058571034827e-13
-1.436183952037687180e-09
-1.030518208381301181e-09
6.606902491482752301e-11
1.160530094358655704e-10
2.626829684537107231e-11
2.574305639742487923e-12
1.287870730811081187e-12
2.584019208630196335e-13
-1.217627341200114167e-09
-8.732153156746549444e-10
5.536837461435235639e-11
9.707638220790331135e-11
2.189344053529179689e-11
2.146013432099116472e-12
1.073608076144311083e-12
2.154094463963285396e-13
-1.015074376202272113e-09
-7.276140975177354101e-10
4.561261606779602925e-11
7.990049840927846571e-11
1.796237965875054079e-11
1.761014433182350779e-12
8.810025968695820951e-13
1.767632162221705673e-13
-8.282758888085837954e-10
-5.934842419622419530e-10
3.676930388081947316e-11
6.441378056003698382e-11
1.444066029454690446e-11
1.415981233954151261e-12
7.083901166165445302e-13
1.421291466099924995e-13
-6.569894088277779324e-10
-4.706064196815779270e-10
2.880561118477699933e-11
5.051423147900148881e-11
1.129764188948418676e-11
1.107951575506988247e-12
5.542890402389090117e-13
1.112098107342283587e-13
-5.009808771052578222e-10
-3.587732460610529784e-10
2.168867344070389859e-11
3.810895209586304105e-11
8.506125255480741128e-12
8.342932338321970759e-13
4.173828037776430165e-13
8.374091829582767707e-14
-3.600261170374564933e-10
-2.577900847601825170e-10
1.538585539624288730e-11
2.711366987573974529e-11
6.042027097901755196e-12
5.926732357653358032e-13
2.965044907789865737e-13
5.948822286071931690e-14
-2.339120975222903032e-10
-1.674757182353525521e-10
9.864950041165368467e-12
1.745228120867721865e-11
3.884095785635954923e-12
3.810309499934200531e-13
1.906233772555032031e-13
3.824482002398706364e-14
-1.224380126496516608e-10
-8.766290661175758579e-11
5.094317897891654798e-12
9.056416058371048047e-12
2.013663867255254075e-12
1.975546086522252030e-13
9.883319629365020201e-14
1.982879071709631894e-14
-2.541620222882472034e-11
-1.819885110308268725e-11
1.042973563161459525e-12
1.865026596286565538e-12
4.144332758820341926e-13
4.066090572934409673e-14
2.034193766055790747e-14
4.081152377607531630e-15
5.732706669950046744e-11
4.105441770152682410e-11
-2.319374388647895812e-12
-4.175997315082127123e-12
-9.277100460804904154e-13
-9.102264578173596102e-14
-4.553697231837947465e-14
-9.135912378092513967e-15
1.259509372773256192e-10
9.021971618365037193e-11
-5.022325513094378042e-12
-9.114184110332802341e-12
-2.024855075005071229e-12
-1.986728632006752297e-13
-9.939224620826126626e-14
-1.994057750995366225e-14
1.805994048299554614e-10
1.294044339734411184e-10
-7.094827569761994876e-12
-1.299080782116780512e-11
-2.887200587116958823e-12
-2.832837780388037720e-13
-1.417211776149779478e-13
-2.843266657835595828e-14
2.214008474573314979e-10
1.587003005676857283e-10
-8.565252209172465396e-12
-1.584118570721710865e-11
-3.523168082489075082e-12
-3.456774447994024376e-13
-1.729350466264943872e-13
-3.469473957894072732e-14
2.484676350854930786e-10
1.781831826441932818e-10
-9.461504047529881513e-12
-1.769494909873177352e-11
-3.939494397445503421e-12
-3.865128314376150083e-13
-1.933635664222379613e-13
-3.879298499444516040e-14
2.618958030072195118e-10
1.879129036802391912e-10
-9.811161510945880337e-12
-1.857628389736555810e-11
-4.141305443201580714e-12
-4.062929202515338485e-13
-2.032584351109278732e-13
-4.077793377327025332e-14
2.617647847210662695e-10
1.879330802660753215e-10
-9.641650855156640611e-12
-1.850414726271528678e-11
-4.132172054707987842e-12
-4.053701183778317184e-13
-2.027960426425245541e-13
-4.068500291131458947e-14
2.481371922830524329e-10
1.782709672121228598e-10
-8.980451665954100572e-12
-1.749245793135049051e-11
-3.914148799018121216e-12
-3.839500514655424811e-13
-1.920793693221407354e-13
-3.853487728155717358e-14
2.210586411207562665e-10
1.589373091512019598e-10
-7.855334936582892410e-12
-1.555026337894705865e-11
-3.487796203348290572e-12
-3.420937878794738767e-13
-1.711391016248408649e-13
-3.433373363818546887e-14
1.805576109287138772e-10
1.299261913478656003e-10
-6.294641357342193953e-12
-1.268188602384730678e-11
-2.852186673523252674e-12
-2.797185228021042210e-13
-1.399339750128677860e-13
-2.807331010964562730e-14
1.266453408323109629e-10
9.121488890333286807e-11
-4.327593064394248340e-12
-8.887050828194848451e-12
-2.004894078353233776e-12
-1.965967135546767743e-13
-9.835034649942268262e-14
-1.973082060904716065e-14
5.931575331723408456e-11
4.276371040515071713e-11
-1.984650579077020928e-12
-4.160995995979302693e-12
-9.419667083143362421e-13
-9.235365299146887719e-14
-4.620098314647694977e-14
-9.268712379079335679e-15
-2.145459348923294516e-11
-1.548416578136553875e-11
7.020844984842647801e-13
1.505428763817110512e-12
3.421169331027553816e-13
3.353657786200698434e-14
1.677695638484022118e-14
3.365738940017410094e-15
-1.157065272092639759e-10
-8.360286491115487656e-11
3.698413518087173472e-12
8.125674416269538562e-12
1.854510378732046018e-12
1.817568499854735232e-13
9.092478754817560151e-14
1.824100224270703534e-14
-2.234982577035486206e-10
-1.616839980412076034e-10
6.967526662920313159e-12
1.571740965345379326e-11
3.604080640182871552e-12
3.531545259639107826e-13
1.766660639793796760e-13
3.544205425045172003e-14
-3.449053464529252159e-10
-2.498368556904539004e-10
1.046942281941570454e-11
2.430243927834982902e-11
5.601510374308723227e-12
5.487509369698097363e-13
2.745113088832894997e-13
5.507131201847467072e-14
-4.800206494857065166e-10
-3.481886104424207824e-10
1.416025272513152084e-11
3.390661786217640875e-11
7.859422655444047563e-12
7.697529691056148852e-13
3.850638004649484576e-13
7.724981015455517637e-14
-6.289542282918893113e-10
-4.568845295506627679e-10
1.799157880497399624e-11
4.455975160323163749e-11
1.039253067290886028e-11
1.017566976631845944e-12
5.090265187305664181e-13
1.021185857116315555e-13
-7.918332300442836934e-10
-5.760881945635269276e-10
2.190953464027555456e-11
5.629548045534055169e-11
1.321781524541875348e-11
1.293815277901510414e-12
6.472103804712245426e-13
1.298403324449910556e-13
-9.688017294483727480e-10
-7.059817262615569419e-10
2.585388076406237023e-11
6.915113302954518837e-11
1.635473344436553738e-11
1.600355550792600499e-12
8.005439233390435278e-13
1.606013430732102139e-13
-1.160020526151337447e-09
-8.467660132470725477e-10
2.975692351754568380e-11
8.316753817192148601e-11
1.982546241574589873e-11
1.939303506975872223e-12
9.700846236009999782e-13
1.946137799511198981e-13
-1.365666894946515973e-09
-9.986609380193042282e-10
3.354230089662595116e-11
9.838878805951173586e-11
2.365518316136443611e-11
2.313059284616522938e-12
1.157032072561109819e-12
2.321183179970485110e-13
-1.585934278931083259e-09
-1.161905595921740276e-09
3.712360075277067649e-11
1.148619231136657927e-10
2.787241004081656007e-11
2.724338118794930696e-12
1.362743282337304664e-12
2.733872151955985660e-13
-1.821031911050813954e-09
-1.336758506892297973e-09
4.040279484171895284e-11
1.326365335829395640e-10
3.250937209881484612e-11
3.176205909347574212e-12
1.588750435774551649e-12
3.187278872449555777e-13
-2.071184367765958981e-09
-1.523497802312312558e-09
4.326846141788666922e-11
1.517642442574345253e-10
3.760245507421621495e-11
3.672120471284547612e-12
1.836781468616908351e-12
3.684869678429463701e-13
-2.336631029475946198e-09
-1.722421388992800404e-09
4.559377237190213597e-11
1.722980579306533835e-10
4.319271191234186424e-11
4.215979369869444580e-12
2.108783944618670386e-12
4.230552288624648261e-13
-2.617625428978749475e-09
-1.933847070668918910e-09
4.723420316367781212e-11
1.942915245987026608e-10
4.932645318372780673e-11
4.812175470192146392e-12
2.406952727975969173e-12
4.828730165661883207e-13
-2.914434495858508529e-09
-2.158112632979730011e-09
4.802494143857825816e-11
2.177976860777235015e-10
5.605592952892547603e-11
5.465661489354860443e-12
2.733762237969855486e-12
5.484367476829024917e-13
-3.227337649223568385e-09
-2.395575846633184277e-09
4.777794926784554200e-11
2.428677709375539608e-10
6.344011994757006896e-11
6.182025159242129465e-12
3.092003875838399621e-12
6.203064439690583443e-13
-3.556625739004873183e-09
-2.646614407206910742e-09
4.627862727038688231e-11
2.695495473393183723e-10
7.154564241007666842e-11
6.967576970399812691e-12
3.484829779580468291e-12
6.991144771969812007e-13
-3.902599813928110255e-09
-2.911625771936224860e-09
4.328204848898069538e-11
2.978853006596313984e-10
8.044780519467218496e-11
7.829452735763490905e-12
3.915803945861515021e-12
7.855758477347555915e-13
-4.265569646729731602e-09
-3.191026881089738130e-09
3.850868763652374292e-11
3.279093259196252319e-10
9.023181839693251481e-11
8.775733950261507482e-12
4.388962199899369085e-12
8.805001843711251554e-13
-4.645852068005966525e-09
-3.485253718020444465e-09
3.163959889757719887e-11
3.596448601778180332e-10
1.009941898995325365e-10
9.815589290753283754e-12
4.908882691946270192e-12
9.848059078192995334e-13
-5.043768985627785183e-09
-3.794760715473336543e-09
2.231097925183256683e-11
3.931003299302799332e-10
1.128443265905293682e-10
1.095944166021772039e-11
5.480769092363010330e-12
1.099536848507080537e-12
-5.459645128606457383e-09
-4.120019941194805058e-09
1.010803302996332503e-11
4.282647829250123079e-10
1.259063683749405814e-10
1.221916592310796813e-11
6.110549043374775952e-12
1.225882098371309064e-12
-5.893805392533910516e-09
-4.461520031546010537e-09
-5.441911282814889924e-12
4.651023535883834794e-10
1.403212774932660428e-10
1.360832376249026939e-11
6.804991122182533077e-12
1.365199319117062295e-12
-6.346571842127518319e-09
-4.819764843005942048e-09
-2.487715300345068105e-11
5.035455835282793878e-10
1.562492000816298602e-10
1.514244385609544794e-11
7.571844350255716204e-12
1.519042945364955682e-12
-6.818260211143112623e-09
-5.195271731233681612e-09
-4.881023266003906542e-11
5.434873980509956451e-10
1.738721180127622443e-10
1.683935688747162632e-11
8.420005048103924074e-12
1.689197264521487394e-12
-7.309175921206559354e-09
-5.588569457190602169e-09
-7.793762900383069847e-11
5.847714900622890342e-10
1.933967847792141445e-10
1.871959799099063471e-11
9.359717325792954094e-12
1.877717000604286220e-12
-7.819609504757042387e-09
-6.000195567999338717e-09
-1.130504212010285708e-10
6.271808634810790806e-10
2.150579255757615108e-10
2.080689102485699610e-11
1.040281468336594442e-11
2.086975594298048091e-12
-8.349831387226352244e-09
-6.430693270520829452e-09
-1.550462027345114023e-10
6.704242414642571438e-10
2.391216498762081366e-10
2.312873335361710820e-11
1.156301198734158437e-11
2.319723835515329086e-12
-8.900085943531266017e-09
-6.880607602972471405e-09
-2.049420836095349557e-10
7.141200094224909866e-10
2.658889580623458226e-10
2.571710242622779425e-11
1.285625909604824184e-11
2.579160916807703195e-12
-9.470584736717133774e-09
-7.350480895983657533e-09
-2.638889761463249251e-10
7.577773580665231890e-10
2.956991823048290096e-10
2.860930979064090463e-11
1.430116948254371981e-11
2.869020586588993602e-12
-1.006149882627961417e-08
-7.840847317092110583e-09
-3.331870646574551709e-10
8.007742605484747920e-10
3.289330669340256398e-10
3.184903136025293280e-11
1.591953931968575216e-11
3.193675650931423234e-12
-1.067295010711812540e-08
-8.352226433610423172e-09
-4.143024520630968204e-10
8.423319129744960443e-10
3.660150800852588466e-10
3.548754352237784521e-11
1.773697372679204018e-11
3.558264350161852663e-12
-1.130500146776754073e-08
-8.885115614428897165e-09
-5.088848398970300309e-10
8.814853057583078958e-10
4.074143452867267654e-10
3.958519487158382976e-11
1.978363759153040858e-11
3.968842093216462928e-12
-1.195764575777399296e-08
-9.439981048724543982e-09
-6.187860503778036529e-10
9.170496045177471376e-10
4.536433478507522065e-10
4.421313324872112637e-11
2.209514468881739557e-11
4.432561676660771879e-12
-1.263079331396180888e-08
-1.001724731687655150e-08
-7.460790675689327911e-10
9.475821426739326424e-10
5.052532996006432025e-10
4.945528949889484905e-11
2.471359178466409097e-11
4.957884032533908286e-12
-1.332425806160004286e-08
-1.061728510885466730e-08
-8.930771139719091610e-10
9.713399486150627320e-10
5.628245804406990398e-10
5.541058546058620525e-11
2.768872783486772354e-11
5.554817163968827533e-12
-1.403774190534001514e-08
-1.124039705674406647e-08
-1.062352119116534597e-09
9.862329444873726030e-10
6.269503782745713750e-10
6.219526647730754733e-11
3.107921950188660131e-11
6.235177273311766916e-12
-1.477081733747585114e-08
-1.188680124061754459e-08
-1.256751628151119241e-09
9.897733037464984865e-10
6.982110789896715331e-10
6.994516589043332601e-11
3.495392649849769246e-11
7.012853809338339732e-12
-1.552290819493614583e-08
-1.255661217160271752e-08
-1.479412990304269128e-09
9.790218518812868179e-10
7.771365365556450134e-10
7.881755855261825284e-11
3.939302662832886305e-11
7.904049119863174802e-12
-1.629326823890007265e-08
-1.324981892745774894e-08
-1.733773194772660333e-09
9.505330119958515662e-10
8.641528976646806918e-10
8.899205567869071782e-11
4.448872574471862221e-11
8.927437942702954538e-12
-1.708095763076652523e-08
-1.396626008484374928e-08
-2.023572363207251005e-09
9.003005776841477971e-10
9.595106061346248641e-10
1.006697283061274709e-10
5.034515387912484681e-11
1.010416846349561332e-11
-1.788481712862259385e-08
-1.470559506988417809e-08
-2.352848313628898749e-09
8.237075888049841208e-10
1.063190069190645572e-09
1.140693211629360231e-10
5.707686302756583604e-11
1.145758512705343009e-11
-1.870343984861452297e-08
-1.546727164364002684e-08
-2.725919065996157382e-09
7.154847790467683201e-10
1.174782408121623100e-09
1.294190798211671603e-10
6.480516804978200025e-11
1.301252696449134680e-11
-1.953514072332165865e-08
-1.625048908488640965e-08
-3.147349413024362521e-09
5.696836499868044702e-10
1.293344064579063519e-09
1.469423935306308994e-10
7.365138424765732916e-11
1.479398877408131026e-11
-2.037792357312029387e-08
-1.705415672796123293e-08
-3.621897022493752300e-09
3.796718132436478836e-10
1.417226674166489233e-09
1.668353284615870802e-10
8.372590212114233671e-11
1.682496242418453322e-11
-2.122944585009632524e-08
-1.787684753895329946e-08
-4.154432654260131644e-09
1.381603066068745755e-10
1.543887600270987254e-09
1.892342415978398903e-10
9.511208943742970880e-11
1.912321539368147986e-11
-2.208698150210994277e-08
-1.871674657257963113e-08
-4.749828549067503040e-09
-1.627254562025723223e-10
1.669692070795992149e-09
2.141722620765750521e-10
1.078442876045924867e-10
2.169687953202184016e-11
-2.294738202267855901e-08
-1.957159405254042912e-08
-5.412808104610970528e-09
-5.313174297643692368e-10
1.789725034618105695e-09
2.415248888679813876e-10
1.218798384767773346e-10
2.453881969419227169e-11
-2.380703641102080628e-08
-2.043862308486026136e-08
-6.147749936315953171e-09
-9.762040527408898930e-10
1.897639294289367830e-09
2.709469032439092038e-10
1.370661662917461318e-10
2.761999609508593164e-11
-2.466183067641215409e-08
-2.131449237075855946e-08
-6.958439071039189491e-09
-1.505940397941916936e-09
1.985575515358737127e-09
3.018061019574494687e-10
1.531055802714733968e-10
3.088234836126532857e-11
-2.550710791270242473e-08
-2.219521426061254283e-08
-7.847759016587152857e-09
-2.128653226313711168e-09
2.044197910924181217e-09
3.331228723418719758e-10
1.695224149858748616e-10
3.423213774528426503e-11
-2.633763024801513322e-08
-2.307607927788513254e-08
-8.817319469239774927e-09
-2.851526803521854416e-09
2.062894885853790024e-09
3.635286593964908984e-10
1.856392241974230249e-10
3.753510535443123939e-11
-2.714754441544477195e-08
-2.395157841464630108e-08
-9.867017420424340549e-09
-3.680159711430499255e-09
2.030193979982279251e-09
3.912595694568673665e-10
2.005706078233261642e-10
4.061516644208353668e-11
-2.793035295486726817e-08
-2.481532535942262728e-08
-1.099453364479986746e-08
-4.617790923937864028e-09
1.934432194312624766e-09
4.142024820367754159e-10
2.132438497542966405e-10
4.325848955862047884e-11
-2.867889363342299109e-08
-2.565998184288066937e-08
-1.219477225376942437e-08
-5.664404895516472954e-09
1.764703442355656050e-09
4.300091090904333487e-10
2.224548023733394500e-10
4.522463648239294150e-11
-2.938533035265280794e-08
-2.647718966896799047e-08
-1.345925959390467314e-08
-6.815742152861718330e-09
1.512072491548690824e-09
4.362868863186832464e-10
2.269639467994885449e-10
4.626572243688825337e-11
-3.004115921182083638e-08
-2.725751513964537138e-08
-1.477552913837116810e-08
-8.062262668500142398e-09
1.170999472878506750e-09
4.308641592892051695e-10
2.256316439438757110e-10
4.615337144131320416e-11
-3.063723380180643348e-08
-2.799041211338205037e-08
-1.612653183030685777e-08
-9.388134559448295317e-09
7.408637512258458093e-10
4.121114681269484749e-10
2.175834694864085850e-10
4.471159497751214163e-11
-3.116381478989768373e-08
-2.866421217688314003e-08
-1.749012598766472891e-08
-1.077034803130960997e-08
2.274173422621274408e-10
3.792828094068952814e-10
2.023869475278810635e-10
4.185183003438600086e-11
-3.161064878436193695e-08
-2.926615162479719476e-08
-1.883871622010536893e-08
-1.217808185167413453e-08
-3.560533402525068243e-10
3.328247831286940222e-10
1.802126081210653244e-10
3.760472711106873298e-11
-3.196708162650165965e-08
-2.978244682941134479e-08
-2.013912546079477680e-08
-1.357247165211272814e-08
-9.881093405875434624e-10
2.745911215330833695e-10
1.519468925934408702e-10
3.214226047756851079e-11
-3.222221196699593398e-08
-3.019843100000443226e-08
-2.135279526023711557e-08
-1.490694126915108510e-08
-1.639332125381707477e-09
2.079011069829580631e-10
1.192249214570189624e-10
2.578388837329643463e-11
-3.236508816598273725e-08
-3.049876606448616562e-08
-2.243641473877852957e-08
-1.612825294847301561e-08
-2.273483657425552193e-09
1.373948478921469286e-10
8.435877711367377544e-11
1.898207216912319210e-11
-3.238495316161241401e-08
-3.066774400374827119e-08
-2.334307178814795340e-08
-1.717840253477430332e-08
-2.849745327044478385e-09
6.866717114644705003e-11
5.015206150711571168e-11
1.228549159158203060e-11
-3.227153710817348652e-08
-3.068969013236304541e-08
-2.402400140346467019e-08
-1.799742713722194084e-08
-3.325975679217663241e-09
7.701242783183897986e-12
1.961196596445247358e-11
6.282331793572088693e-12
-3.201539517461338303e-08
-3.054947858107654428e-08
-2.443096582808638289e-08
-1.852710109979556913e-08
-3.662744740445557663e-09
-3.983428069998996940e-11
-4.407910548169018609e-12
1.530304832802857737e-12
-3.160828567917890540e-08
-3.023316433780539115e-08
-2.451924334299374054e-08
-1.871537655272464286e-08
-3.827720832862501800e-09
-6.932444509681568737e-11
-1.958226090589771529e-11
-1.516393773036363620e-12
-3.104357451346605198e-08
-2.972872793325112406e-08
-2.425112284209749381e-08
-1.852128437992317399e-08
-3.799842409879867902e-09
-7.786328026011052032e-11
-2.444470718294153724e-11
-2.571194595555858566e-12
-3.031665201855120044e-08
-2.902691803686891505e-08
-2.359970582620055390e-08
-1.791986870527860394e-08
-3.572641677734061360e-09
-6.470806432394797662e-11
-1.861499348941573740e-11
-1.558864530589144966e-12
-2.942533863924528888e-08
-2.812216112940522723e-08
-2.255271604040325881e-08
-1.690660767433011014e-08
-3.156128956190697061e-09
-3.144383428805376407e-11
-2.878502905239996886e-12
1.369584420838259495e-12
-2.837025452521860473e-08
-2.701349180721848064e-08
-2.111592214093231985e-08
-1.550070262317081338e-08
-2.576806824230429351e-09
1.818146163915786028e-11
2.090067544133724840e-11
5.854220733042226836e-12
-2.715512722936672640e-08
-2.570543498295204638e-08
-1.931571194755546858e-08
-1.374662657212915580e-08
-1.875646085016060191e-09
7.873096279032723022e-11
5.002141712550491812e-11
1.137329557109010333e-11
-2.578701234378400672e-08
-2.420875691378249877e-08
-1.720033570428429394e-08
-1.171343017302765711e-08
-1.104179101302252492e-09
1.437847644880771486e-10
8.130164523884177732e-11
1.731221321665608057e-11
-2.427641042053443140e-08
-2.254098538085496936e-08
-1.483938511984894664e-08
-9.491516987082424739e-09
-3.191884828547013261e-10
2.067590553482106446e-10
1.114883552126955695e-10
2.304266820532776468e-11
-2.263727312861148803e-08
-2.072659159347824642e-08
-1.232120116310062718e-08
-7.186904103892440783e-09
4.232780855864167809e-10
2.617036835713103055e-10
1.376537695836906503e-10
2.799893733852025410e-11
-2.088690459650507561e-08
-1.879673647698750768e-08
-9.748113895866936399e-09
-4.913343225661142827e-09
1.073710011997547760e-09
3.039545938012102204e-10
1.575164757942197173e-10
3.173966882727734165e-11
-1.904577805155615190e-08
-1.678850156563321206e-08
-7.229691596576617263e-09
-2.783031785890603491e-09
1.593928102228449913e-09
3.305529782266772779e-10
1.696446629389366018e-10
3.398702214515686917e-11
-1.713729512185729110e-08
-1.474357329762761375e-08
-4.874484348020106028e-09
-8.969290631312778093e-10
1.960231493158893346e-09
3.403921606797554236e-10
1.735235820163002907e-10
3.463981520282593914e-11
-1.518751286507633063e-08
-1.270640278330530067e-08
-2.781036067922646540e-09
6.641584770668723085e-10
2.164556908592010287e-09
3.341047778017990665e-10
1.694948136164047373e-10
3.376212055611846056e-11
-1.322485836608974121e-08
-1.072194307800834302e-08
-1.029157775996016969e-09
1.846589413864550586e-09
2.213655461104801064e-09
3.137451536519217356e-10
1.585956274862724593e-10
3.155272953402872316e-11
-1.127981671982201710e-08
-8.833142103179769345e-09
3.274557023406258804e-10
2.628084973051587876e-09
2.126612789462769540e-09
2.823473287391473164e-10
1.423388080784124633e-10
2.830311331941738233e-11
-9.384560433702246346e-09
-7.078438467817149173e-09
1.266255302076802240e-09
3.018583730457021427e-09
1.931267328571930563e-09
2.434454817990978750e-10
1.224757451561235351e-10
2.435204159354084812e-11
-7.572453045157273984e-09
-5.489549220833578618e-09
1.797746703000573584e-09
3.057703247501247119e-09
1.660183246485728701e-09
2.006324327223174960e-10
1.007797880894221989e-10
2.004388797739428617e-11
-5.877352254712462084e-09
-4.089837207145736154e-09
1.963901088570054433e-09
2.809241727202350846e-09
1.346802511348239006e-09
1.572094817466859838e-10
7.887549831868883321e-11
1.569554107485573473e-11
-4.332651406204556412e-09
-2.893493234029658971e-09
1.833165435120468332e-09
2.353548243990377200e-09
1.022261424706005724e-09
1.159538169346130373e-10
5.812606121971495638e-11
1.157432739812429095e-11
-2.970041294491389691e-09
-1.905663311237687886e-09
1.492651997121553150e-09
1.778825993713175587e-09
7.131545114674492126e-10
7.900450276761253158e-11
3.957889961691582927e-11
7.887027352246924107e-12
-1.818043694518737096e-09
-1.123509015178415865e-09
1.038488817331260484e-09
1.172476356985573094e-09
4.403166058575477661e-10
4.784919690809119636e-11
2.396037856711176023e-11
4.778332290134120315e-12
-9.004451323010959504e-10
-5.380345289069760173e-10
5.655640022414746806e-10
6.134539853811055327e-10
2.185152246460996041e-10
2.338309411135646948e-11
1.170552310381286940e-11
2.336111631315652777e-12
-2.348223212449968988e-10
-1.363800605997825948e-10
1.579531323397052995e-10
1.663358163590408267e-10
5.682840513651235908e-11
6.008759933111994965e-12
3.007399674085398456e-12
6.005987067235314626e-13
1.686238526689198511e-10
9.580013650592610868e-11
-1.188225593223580172e-10
-1.225186735309446787e-10
-4.056237903001317911e-11
-4.250890556044333327e-12
-2.127351055438261393e-12
-4.250902933341416892e-13
3.077346469234355234e-10
1.722645093295084246e-10
-2.228672037079578780e-10
-2.266503502295547650e-10
-7.341849283486009158e-11
-7.647304475736461858e-12
-3.826897391724561524e-12
-7.650474828099905565e-13
1.884441307067650004e-10
1.047345964932439608e-10
-1.378839856508577975e-10
-1.392063958073318933e-10
-4.452379329495014066e-11
-4.621031016459454623e-12
-2.312470654281245837e-12
-4.624502293740074283e-13
-1.757950730212256054e-10
-9.774537652646397810e-11
1.279299581079821019e-10
1.289926744935753541e-10
4.108814288815587335e-11
4.258987314233935227e-12
2.131366990064219421e-12
4.263269381499230482e-13
-7.651109751294717139e-10
-4.286193140596989369e-10
5.456438520880908736e-10
5.526124853725412859e-10
1.767235784165846700e-10
1.833325194050952214e-11
9.175287371453768746e-12
1.835494386593307858e-12
-1.554654096023736454e-09
-8.829389395346590892e-10
1.071278358154010992e-09
1.095761799485686499e-09
3.544607534407232245e-10
3.687238048402352218e-11
1.845538596454507348e-11
3.692033568327748744e-12
-2.516164901167048483e-09
-1.456048721756838395e-09
1.652511727082879087e-09
1.716333484637619123e-09
5.654857565539737481e-10
5.908815460220090853e-11
2.957866620881435446e-11
5.916974463259830148e-12
-3.619466283851422091e-09
-2.142147267419943980e-09
2.235474732905899671e-09
2.370343405829874404e-09
8.004010034432315874e-10
8.414237441096905507e-11
4.212743625964259862e-11
8.426447194830862227e-12
-4.833737956762067159e-09
-2.933023505817100663e-09
2.770805559367937584e-09
3.015915364191452039e-09
1.049559506138472676e-09
1.111593294888158699e-10
5.566544047773933685e-11
1.113304151738906116e-11
-6.128505242347053290e-09
-3.817196907865442334e-09
3.218340572171932817e-09
3.616606276730126043e-09
1.303447508862598900e-09
1.392450917889152896e-10
6.974730271485436911e-11
1.394776879782724913e-11
-7.474346575531909070e-09
-4.779588479578807372e-09
3.550080480552872917e-09
4.143833236868260812e-09
1.553102815759890060e-09
1.675139159118671729e-10
8.393139511832008157e-11
1.678264574711316526e-11
-8.843373915525066959e-09
-5.801739983564446763e-09
3.751347250399974736e-09
4.578257558493080985e-09
1.790527514628070659e-09
1.951193038153784373e-10
9.779502660102274988e-11
1.955367474542320941e-11
-1.020956131660348943e-08
-6.862504886192274536e-09
3.820292698980319033e-09
4.910095852462529662e-09
2.009038300097614548e-09
2.212855472921906048e-10
1.109498564484614585e-10
2.218383153544422684e-11
-1.154899119647531580e-08
-7.939072168983695620e-09
3.766103601927092146e-09
5.138449575464704322e-09
2.203500346272617659e-09
2.453350545301072298e-10
1.230553290348727693e-10
2.460563196549976843e-11
-1.284006702440032030e-08
-9.008155625939555471e-09
3.606351629406044702e-09
5.269852575914401792e-09
2.370409373309284284e-09
2.667075388019433478e-10
1.338281956715286052e-10
2.676291978046606714e-11
-1.406371141405085390e-08
-1.004718793353838129e-08
3.363959414936266988e-09
5.316310911211405116e-09
2.507815407631803574e-09
2.849690629590760482e-10
1.430471900471925988e-10
2.861171711783954368e-11
-1.520354684757052786e-08
-1.103538554226431166e-08
3.064206409490232621e-09
5.293137540956481335e-09
2.615112826018133344e-09
2.998113095321909158e-10
1.505530003382158378e-10
3.012016723064258397e-11
-1.624603881614783725e-08
-1.195459384789720820e-08
2.732103348914598765e-09
5.216867824440290852e-09
2.692745056831455866e-09
3.110434945904829903e-10
1.562447250485080186e-10
3.126782909068956153e-11
-1.718057945674732473e-08
-1.278986544761063752e-08
2.390344823318741887e-09
5.103481677856008523e-09
2.741883733960813656e-09
3.185805195539179776e-10
1.600745706050759855e-10
3.204465062925722592e-11
-1.799949285718195300e-08
-1.352976468497620357e-08
2.057930137903905250e-09
4.967077968719972360e-09
2.764138548853697950e-09
3.224312140014296084e-10
1.620425052098214276e-10
3.244996827854341912e-11
-1.869795288585125722e-08
-1.416642140580342763e-08
1.749440392345498533e-09
4.819057247861643876e-09
2.761338200361801091e-09
3.226887657173609386e-10
1.621920275371665126e-10
3.249174208925437116e-11
-1.927381604673089569e-08
-1.469537859160875245e-08
1.474885757365078398e-09
4.667790749527097844e-09
2.735400023935835753e-09
3.195244544516718902e-10
1.606073587679332471e-10
3.218607871024109271e-11
-1.972738048898002766e-08
-1.511528412578920807e-08
1.239993679462879400e-09
4.518695952170156799e-09
2.688283110715791380e-09
3.131833703342774550e-10
1.574114469893768465e-10
3.155689879094736635e-11
-2.006108968889101127e-08
-1.542748277113304253e-08
1.046793775617681225e-09
4.374605905057921989e-09
2.622001956861282074e-09
3.039799122994815883e-10
1.527636369508217831e-10
3.063553861161281461e-11
-2.027920156412753319e-08
-1.563555506814271099e-08
8.943633193088913267e-10
4.236311374407413857e-09
2.538669392713507946e-09
2.922905538471705522e-10
1.468557709407872248e-10
2.946000193713211060e-11
-2.038744407792376388e-08
-1.574484458737003049e-08
7.796181893628510474e-10
4.103165774252265024e-09
2.440537824823368878e-09
2.785420530965015441e-10
1.399058561837395844e-10
2.807371125077651404e-11
-2.039267567646399533e-08
-1.576200352822623336e-08
6.980642735630094163e-10
3.973666181171140853e-09
2.330015761685633943e-09
2.631946514736502630e-10
1.321491316681718899e-10
2.652371753542190277e-11
-2.030256538131732547e-08
-1.569457792297308072e-08
6.444530376473046535e-10
3.845951417109508399e-09
2.209648059515762015e-09
2.467212694157585320e-10
1.238271324294501754e-10
2.485849107948673836e-11
-2.012530270483664954e-08
-1.555064479192655577e-08
6.133125326536110436e-10
3.718186328334132638e-09
2.082059971575725109e-09
2.295849100058982382e-10
1.151759045528350317e-10
2.312552973140040587e-11
-1.986934379554750631e-08
-1.533850676074956610e-08
5.993459693695687845e-10
3.588824326430643770e-09
1.949874263832334356e-09
2.122169977662399777e-10
1.064148350348795085e-10
2.136907982160756505e-11
-1.954319684391948043e-08
-1.506644461778899238e-08
5.977048401870144378e-10
3.456756914137560371e-09
1.815615487444162611e-09
1.949992551897711703e-10
9.773737316331707208e-11
1.962823737985385270e-11
-1.915524626028839144e-08
-1.474252449878179691e-08
6.041532805485026975e-10
3.321369479987507337e-09
1.681616685167597388e-09
1.782509769436050426e-10
8.930464292918899964e-11
1.793562802166769367e-11
-1.871361416457952146e-08
-1.437445437157173907e-08
6.151442705286547525e-10
3.182526751812347312e-09
1.549940946039322968e-09
1.622225562431026292e-10
8.124229426491780167e-11
1.631674397061599130e-11
-1.822605555354547235e-08
-1.396948313411702733e-08
6.278294345346345546e-10
3.040511553145149920e-09
1.422326362856219817e-09
1.470950732316116125e-10
7.364048456645939559e-11
1.478992065353463568e-11
-1.769988313364822216e-08
-1.353433561867502845e-08
6.400223156317226958e-10
2.895937807946928822e-09
1.300157601064478305e-09
1.329849482422189585e-10
6.655645066430963529e-11
1.336683963126285604e-11
-1.714191775505184842e-08
-1.307517660786310909e-08
6.501325093903433022e-10
2.749654340191939206e-09
1.184463294302868473e-09
1.199521816350836791e-10
6.001887077418269542e-11
1.205340057537160831e-11
-1.655845990477472254e-08
-1.259759798531412352e-08
6.570841717094159214e-10
2.602651615961423920e-09
1.075935201783582169e-09
1.080105782675846382e-10
5.403319204027183808e-11
1.085079371913786650e-11
-1.595527851850528170e-08
-1.210662336046706276e-08
6.602293418716318561e-10
2.455979089570440880e-09
9.749633256288695790e-10
9.713851145780416986e-11
4.858718250651939411e-11
9.756621004539649449e-12
-1.533761323854999199e-08
-1.160672577986308001e-08
6.592632149878172916e-10
2.310677299545607453e-09
8.816808618152904587e-10
8.728911252908978823e-11
4.365613340265658590e-11
8.765949992060992529e-12
-1.471018716607850014e-08
-1.110185448049498920e-08
6.541460441598279172e-10
2.167726057591713013e-09
7.960132169715864124e-10
7.839916368463481058e-11
3.920736835530113623e-11
7.872227266275391565e-12
-1.407722729311755017e-08
-1.059546770824899756e-08
6.450342116143664559e-10
2.028008205344092325e-09
7.177265298683848238e-10
7.039634114641536108e-11
3.520388072771909338e-11
7.068017133148643016e-12
-1.344249031865952171e-08
-1.009056915640206854e-08
6.322216595295372695e-10
1.892287208730526397e-09
6.464723787216594639e-10
6.320474863684858929e-11
3.160708957467593799e-11
6.345560311781997588e-12
-1.280929203838425044e-08
-9.589745988012785041e-09
6.160916269635413724e-10
1.761196266443378146e-09
5.818267004940529856e-10
5.674887895519308373e-11
2.837879100814705681e-11
5.697171985919852369e-12
-1.218053877782057817e-08
-9.095207164600873105e-09
5.970781560232687616e-10
1.635236487513307007e-09
5.233220002682050675e-10
5.095624904781363457e-11
2.548244020768315921e-11
5.115498015728796352e-12
-1.155875971402518541e-08
-8.608820903673975974e-09
5.756363282360420773e-10
1.514781704961101274e-09
4.704727921150555897e-10
4.575899144511022835e-11
2.288391116095204926e-11
4.593672958530663009e-12
-1.094613920813751724e-08
-8.132150705354500269e-09
5.522199983723340457e-10
1.400087874324950326e-09
4.227947532333871924e-10
4.109467355587965983e-11
2.055187466264910134e-11
4.125394631533925001e-12
-1.034454835267495167e-08
-7.666489203901962547e-09
5.272658546232347635e-10
1.291305269702680457e-09
3.798184060148668759e-10
3.690657907573354312e-11
1.845791313338015693e-11
3.704947441437887026e-12
-9.755575372990313113e-09
-7.212889837663936493e-09
5.011826098150533388e-10
1.188492091938982806e-09
3.410982652152583646e-10
3.314363792010413155e-11
1.657646621357875599e-11
3.327191875858115425e-12
-9.180554519435380966e-09
-6.772195969485149841e-09
4.743442499605058978e-10
1.091628443984611690e-09
3.062183938691516016e-10
2.976014388659088355e-11
1.488467542862391838e-11
2.987532062075713167e-12
-8.620593143510258631e-09
-6.345067513435524856e-09
4.470864319299892029e-10
1.000629919481614950e-09
2.747952324092585271e-10
2.671535822411002875e-11
1.336217700281274144e-11
2.681875051550040592e-12
-8.076596975519588821e-09
-5.932005091186614492e-09
4.197052247769816318e-10
9.153603110382847216e-10
2.464784394388896207e-10
2.397306470488767526e-11
1.199087324013987991e-11
2.406583523679978520e-12
-7.549293407354301880e-09
-5.533371814101252352e-09
3.924575747652340029e-10
8.356431280180910785e-10
2.209503528343780595e-10
2.150111753873900605e-11
1.075470308690973350e-11
2.158430062778090365e-12
-7.039252928044451652e-09
-5.149412748103242960e-09
3.655629482170550341e-10
7.612717838076537737e-10
1.979245452230383501e-10
1.927100655583251787e-11
9.639422809429907185e-12
1.934552696095864640e-12
-6.546908623268359492e-09
-4.780272353890100140e-09
3.392057645270327198e-10
6.920184054124699760e-10
1.771438336351757115e-10
1.725745258948382349e-11
8.632402756971718344e-12
1.732414194725038020e-12
-6.072573926652488757e-09
-4.426009883227629369e-09
3.135382851068673884e-10
6.276413180786342852e-10
1.583780048840491356e-10
1.543803871456154773e-11
7.722442722694777605e-12
1.549764482980089261e-12
-5.616458653024087372e-09
-4.086613065746161704e-09
2.886837396028146425e-10
5.678912605574022927e-10
1.414214404993644821e-10
1.379287901553585698e-11
6.899606310105433511e-12
1.384607639368194223e-12
-5.178683412308919418e-09
-3.762010120330483921e-09
2.647395027494882859e-10
5.125164656626656327e-10
1.260907645842767017e-10
1.230432330051309604e-11
6.155073513992613845e-12
1.235172094109382182e-12
-4.759292586995089998e-09
-3.452080323382151391e-09
2.417802058419976918e-10
4.612667511787931691e-10
1.122225931990860031e-10
1.095669574520014144e-11
5.481010224507963261e-12
1.099884386115022645e-12
-4.358265883694795699e-09
-3.156663248772528013e-09
2.198607004607445328e-10
4.138967099520641735e-10
9.967143114349897813e-11
9.736064193891555134e-12
4.870453123043258922e-12
9.773460084983915989e-13
-3.975528670072428236e-09
-2.875566837267064960e-09
1.990188193489733590e-10
3.701681563213438691e-10
8.830773950614045292e-11
8.630037180210400818e-12
4.317208417123386923e-12
8.663131529944331692e-13
-3.610961143679175928e-09
-2.608574410570740787e-09
1.792779081385898799e-10
3.298519401003647824e-10
7.801618175103663854e-11
7.627585398035652018e-12
3.815762735378263003e-12
7.656785646185104251e-13
-3.264406465589700130e-09
-2.355450762235821884e-09
1.606491098023037810e-10
2.927292327424125936e-10
6.869404622384837995e-11
6.718885031330438891e-12
3.361204964848848712e-12
6.744560694423848961e-13
-2.935677950372017561e-09
-2.115947423123879433e-09
1.431334079812716524e-10
2.585923886883997562e-10
6.024983680267949150e-11
5.895180099377032818e-12
2.949157531607284182e-12
5.917666521284871740e-13
-2.624565411640120681e-09
-1.889807204683397416e-09
1.267234306182131076e-10
2.272454505545639976e-10
5.260201985076050773e-11
5.148661736778472918e-12
2.575716120362417590e-12
5.168263432484684794e-13
-2.330840745046803634e-09
-1.676768108914210931e-09
1.114050293631004418e-10
1.985043831661284885e-10
4.567791464378962555e-11
4.472362089755415106e-12
2.237396739712422859e-12
4.489356001255740728e-13
-2.054262825351957873e-09
-1.476566677910782995e-09
9.715865017664102042e-11
1.721970958517437349e-10
3.941271250989160168e-11
3.860061296646503931e-12
1.931089230376241773e-12
3.874699768230755755e-13
-1.794581799086188323e-09
-1.288940866068784895e-09
8.396051231392655676e-11
1.481632929205513343e-10
3.374861271103831518e-11
3.306205712882094288e-12
1.654016438571389348e-12
3.318718794596720260e-13
-1.551542838565692843e-09
-1.113632480000845269e-09
7.178361495534527115e-11
1.262542077466151424e-10
2.863406114991820517e-11
2.805836106548119105e-12
1.403698349978575319e-12
2.816434041704346659e-13
-1.324889408367250957e-09
-9.503892591904719126e-10
6.059858639854223727e-11
1.063322419373125677e-10
2.402308070374568976e-11
2.354524599354894218e-12
1.177920583477328420e-12
2.363399843402156232e-13
-1.114366111307088253e-09
-7.989666367185555952e-10
5.037439816349946203e-11
8.827055118268556288e-11
1.987468310620015213e-11
1.948319246078728792e-12
9.747067021926729469e-13
1.955648352923470006e-13
-9.197211561007379063e-10
-6.591292266754329675e-10
4.107895135595359928e-11
7.195258739212188841e-11
1.615235209581402134e-11
1.583695373749463223e-12
7.922938941125170285e-13
1.589640662626947444e-13
-7.407084919687040375e-10
-5.306520783811522070e-10
3.267956175165713796e-11
5.727162379794406848e-11
1.282359005104012501e-11
1.257512830361397369e-12
6.291116156749275553e-13
1.262223933107211109e-13
-5.770896578071728939e-10
-4.133217238087369342e-10
2.514334566816022751e-11
4.413027182492483458e-11
9.859520560162249758e-12
9.669784815319873220e-13
4.837628396352529259e-13
9.705936675131395892e-14
-4.286353647387738412e-10
-3.069370614519433675e-10
1.843752435141323208e-11
3.244000408340806135e-11
7.234540393610218204e-12
7.096133231744139465e-13
3.550076236017710421e-13
7.122608908849518023e-14
-2.951268631561939800e-10
-2.113100880859560250e-10
1.252965562921381318e-11
2.212068827484259753e-11
4.926015197379695891e-12
4.832236933843811675e-13
2.417487161850628897e-13
4.850228997921116070e-14
-1.763571098731422350e-10
-1.262665114022888763e-10
7.387802425030316766e-12
1.310014065046465490e-11
2.914014256815429096e-12
2.858761278243714210e-13
1.430189890171014235e-13
2.869383562624632298e-14
-7.213176615929104846e-11
-5.164625902913390493e-11
2.980644402874903201e-12
5.313702041755857006e-12
1.181079736676185566e-12
1.158754597698059112e-13
5.797048914105418477e-14
1.163051334827055886e-14
1.772995452245679946e-11
1.269609702279811821e-11
-7.224590650647769851e-13
-1.296160247502300620e-12
-2.879729623917468545e-13
-2.825416340791498319e-14
-1.413505351411188161e-14
-2.835871641906510921e-15
9.339456616274747458e-11
6.689098688102254989e-11
-3.751450787253575488e-12
-6.780222778444754027e-12
-1.506227048742811937e-12
-1.477856465791311473e-13
-7.393440848860524359e-14
-1.483313949973040635e-14
1.550137018190571823e-10
1.110535450406152319e-10
-6.135597076268372171e-12
-1.118284765982518630e-11
-2.484810953935735790e-12
-2.438029372257104233e-13
-1.219698404247228758e-13
-2.447014127837236089e-14
2.027236018114979952e-10
1.452833580351140766e-10
-7.903546061800597316e-12
-1.454229531971394437e-11
-3.233022003099412468e-12
-3.172128512598755878e-13
-1.586950219968025465e-13
-3.183794380204661217e-14
2.366446846374119505e-10
1.696642477030620466e-10
-9.083420255304183623e-12
-1.689100771254496889e-11
-3.758429001604395557e-12
-3.687549022882639186e-13
-1.844799513504530879e-13
-3.701082273218274032e-14
2.568811899774372767e-10
1.842640805679714654e-10
-9.702941613722478407e-12
-1.825586502857965984e-11
-4.066955239150255157e-12
-3.990092856654882643e-13
-1.996149438674806960e-13
-4.004705890991168364e-14
2.635208823473243151e-10
1.891345963423012323e-10
-9.789588649221126372e-12
-1.865841364474782674e-11
-4.162943191660581816e-12
-4.084031226579316412e-13
-2.043137565478842653e-13
-4.098956858648200955e-14
2.566348091262893870e-10
1.843112497337999590e-10
-9.370786631594707096e-12
-1.811506896899121674e-11
-4.049201759520038990e-12
-3.972150537736617882e-13
-1.987158865776273116e-13
-3.986636494230580208e-14
2.362771035660963796e-10
1.698130587865732313e-10
-8.474128447794325597e-12
-1.663729450402768685e-11
-3.727036723666676101e-12
-3.655782453224166153e-13
-1.828880762498676495e-13
-3.669086045611006919e-14
2.024848284715332775e-10
1.456424572679495630e-10
-7.127633524255393266e-12
-1.423175833145063732e-11
-3.196264830153281813e-12
-3.134818392842757803e-13
-1.568250417494660268e-13
-3.146201379236979924e-14
1.552778543227807589e-10
1.117851443716473612e-10
-5.360041244670313112e-12
-1.090046932235570019e-11
-2.455211553358523007e-12
-2.407708669274979471e-13
-1.204494312024566852e-13
-2.416432061916299299e-14
9.465876951187482703e-11
6.820993206661572632e-11
-3.201145847053627060e-12
-6.640895984817802050e-12
-1.500692403016150235e-12
-1.471446068335285910e-13
-7.361100783061512671e-14
-1.476765267990330417e-14
2.061281899118731392e-11
1.486858470551463536e-11
-6.821745008593267403e-13
-1.446070737030251419e-12
-3.279774089138393878e-13
-3.215335546960076454e-14
-1.608503881169632485e-14
-3.226932028020096574e-15
-6.689213100440782275e-11
-4.830434879215645408e-11
2.163782742315142605e-12
4.695317565980855218e-12
1.069261993360221802e-12
1.048064551315592021e-13
5.243014140358406347e-14
1.051835586475459242e-14
-1.679056012845287843e-10
-1.213917132609704754e-10
5.301289908376742816e-12
1.179883898821973565e-11
2.699024641213699451e-12
2.644988818464589616e-13
1.323164380612376522e-13
2.654482601655894633e-14
-2.824944832258753743e-10
-2.044939345969281867e-10
8.692018848179154234e-12
1.988424060698864749e-11
4.571071236963412760e-12
4.478569596080659467e-13
2.240402347889628320e-13
4.494604401044300320e-14
-4.107429943204755456e-10
-2.977292183666944032e-10
1.229413145122669498e-11
2.897536355887170944e-11
6.697037547759293844e-12
6.559932084456337532e-13
3.281576391849311493e-13
6.583357812318352854e-14
-5.527526064572786221e-10
-4.012337575142861406e-10
1.606158183740648957e-11
3.910005105644236835e-11
9.090571321294165086e-12
8.902123551907045987e-13
4.453208347039556455e-13
8.933827363937666363e-14
-7.086419414946065962e-10
-5.151619485106371210e-10
1.994333195165491731e-11
5.029004338587763667e-11
1.176749552333173779e-11
1.152026500654608127e-12
5.762856537935829432e-13
1.156117724317224781e-13
-8.785466319361147739e-10
-6.396866141171779534e-10
2.388245165998870756e-11
6.258084398906858973e-11
1.474600093650953170e-11
1.443173023743208039e-12
7.219205156554611001e-13
1.448283047596888564e-13
-1.062619144430169766e-09
-7.749992310005089628e-10
2.781511918446565540e-11
7.601155938001095406e-11
1.804687179663263058e-11
1.765635563612121110e-12
8.832169028335673433e-13
1.771867929739112120e-13
-1.261028548977523586e-09
-9.213101554006959707e-10
3.166946807489408499e-11
9.062468250931370933e-11
2.169374899702928499e-11
2.121668491348800830e-12
1.061301575732915174e-12
2.129132990341678166e-13
-1.473960247878639714e-09
-1.078848850517647867e-09
3.536429526201629520e-11
1.064658249628123981e-10
2.571343593613771190e-11
2.513825373274083773e-12
1.257450778321424299e-12
2.522638781695790418e-13
-1.701615631409950381e-09
-1.247864098467253696e-09
3.880758855074363397e-11
1.235833582797851449e-10
3.013625309903081324e-11
2.944991989590489266e-12
1.473106720595658752e-12
2.955278800325087250e-13
-1.944211665461704221e-09
-1.428624202607112476e-09
4.189485909465078510e-11
1.420279621068787138e-10
3.499644857047028583e-11
3.418424663695507574e-12
1.709896697719999353e-12
3.430317877112344588e-13
-2.201980401373980502e-09
-1.621417165237502017e-09
4.450725081947577311e-11
1.618520432319585419e-10
4.033267309144785054e-11
3.937794641052925087e-12
1.969655241680530414e-12
3.951436654164876455e-13
-2.475168383189906708e-09
-1.826550825906986708e-09
4.650939026841730371e-11
1.831089935601239383e-10
4.618852924811349189e-11
4.507239672750733045e-12
2.254449855147985872e-12
4.522783043421123591e-13
-2.764035945760397700e-09
-2.044352974801103589e-09
4.774695483971144494e-11
2.058522566078015629e-10
5.261320604127707739e-11
5.131423852306062984e-12
2.566610838732630162e-12
5.149032238502544924e-13
-3.068856385518430087e-09
-2.275171392980463580e-09
4.804390978548827745e-11
2.301341497882960364e-10
5.966221249008034500e-11
5.815607276968230766e-12
2.908766047880635312e-12
5.835456339199173536e-13
-3.389914984838845063e-09
-2.519373827372192010e-09
4.719937914155061609e-11
2.560043993586339331e-10
6.739822501622822139e-11
6.565727219540355267e-12
3.283881354490962172e-12
6.588005476203940307e-13
-3.727507853211881749e-09
-2.777347883001554095e-09
4.498410091753420774e-11
2.835083132531632153e-10
7.589206555751356021e-11
7.388492978262907484e-12
3.695307919616561501e-12
7.413402659619357470e-13
-4.081940602307385426e-09
-3.049500800612762279e-09
4.113641573529289036e-11
3.126845267877162795e-10
8.522383120102872093e-11
8.291496914116440765e-12
4.146837546774787176e-12
8.319254759853737383e-13
-4.453526758909177143e-09
-3.336259106249354841e-09
3.535772771327534220e-11
3.435622314317869898e-10
9.548419419591195758e-11
9.283344969583085325e-12
4.642767669286112077e-12
9.314182819925926111e-13
-4.842585956519595509e-09
-3.638068094920548396e-09
2.730738297739146600e-11
3.761577739601148930e-10
1.067758971326150387e-10
1.037381025422799268e-11
5.187977921164114989e-12
1.040797558953112515e-12
-5.249441820594922629e-09
-3.955391133250741841e-09
1.659689612613351883e-11
4.104705193134673063e-10
1.192154695818111757e-10
1.157401476876639296e-11
5.788020561189005295e-12
1.161177085387388835e-12
-5.674419511806427238e-09
-4.288708726302901878e-09
2.783443913234949509e-12
4.464778180877212758e-10
1.329351845811972808e-10
1.289664483101082407e-11
6.449227792039140597e-12
1.293827053461396509e-12
-6.117842918214674391e-09
-4.638517306570285051e-09
-1.463743287416283769e-11
4.841289204177285970e-10
1.480852830588447501e-10
1.435620741282799367e-11
7.178839387849725121e-12
1.440199652650060160e-12
-6.580031404736539693e-09
-5.005327720492769585e-09
-3.624001848926153164e-11
5.233376575323806385e-10
1.648364794612276501e-10
1.596933642466802738e-11
7.985155205955189411e-12
1.601959705189007179e-12
-7.061296083459487613e-09
-5.389663314492403677e-09
-6.267754776295102948e-11
5.639736510355650824e-10
1.833827573308381750e-10
1.775515974685239471e-11
8.877718048305176744e-12
1.781021153225676299e-12
-7.561935540883531911e-09
-5.792057602155812189e-09
-9.469239123093070856e-11
6.058518050607839281e-10
2.039444409272444183e-10
1.973574050820271187e-11
9.867533592141895776e-12
1.979591624416366501e-12
-8.082230949679288024e-09
-6.213051401969655794e-09
-1.331273319448161911e-10
6.487198290802908370e-10
2.267715116137240793e-10
2.193660916066979594e-11
1.096733598005100362e-11
2.200224996082224372e-12
-8.622440505387373572e-09
-6.653189341332078644e-09
-1.789380101463175806e-10
6.922434512541290003e-10
2.521470837144312479e-10
2.438740622257972812e-11
1.219190899727127548e-11
2.445886566596292326e-12
-9.182793075285180480e-09
-7.113015735033968208e-09
-2.332065798657604047e-10
7.359890062634360525e-10
2.803909114254224688e-10
2.712265916374704807e-11
1.355847549396746714e-11
2.720030965945684882e-12
-9.763480988121319740e-09
-7.593069567951675882e-09
-2.971565807635128839e-10
7.794030406817311529e-10
3.118626814739455779e-10
3.018272069279586721e-11
1.508716906437103740e-11
3.026697140464291371e-12
-1.036465188219148504e-08
-8.093878584338743522e-09
-3.721690061519221374e-10
8.217885688392785043e-10
3.469647823510641803e-10
3.361489842101056645e-11
1.680160470784081121e-11
3.370623348079739735e-12
-1.098639944500141772e-08
-8.615952286198326580e-09
-4.597994930162996871e-10
8.622776180690502477e-10
3.861440067825269954e-10
3.747480521174161149e-11
1.872956523791638306e-11
3.757385569495477215e-12
-1.162875301228571340e-08
-9.159773648758526417e-09
-5.617964388612421913e-10
8.997997395315932769e-10
4.298915022025381222e-10
4.182795707655274418e-11
2.090381972072931893e-11
4.193563663215592665e-12
-1.229166582573515834e-08
-9.725789493242259913e-09
-6.801198581390923151e-10
9.330462133187996508e-10
4.787399627339837853e-10
4.675162990129614752e-11
2.336308529357936075e-11
4.686936256706922655e-12
-1.297500185587479402e-08
-1.031439907971538608e-08
-8.169604885408599658e-10
9.604298060050294293e-10
5.332567519851659257e-10
5.233696319759004988e-11
2.615313120045252873e-11
5.246706290377306810e-12
-1.367852106181857457e-08
-1.092594099367888006e-08
-9.747586692647856614e-10
9.800400978853343635e-10
5.940312153170245174e-10
5.869124716739252970e-11
2.932800380881466442e-11
5.883752403817776607e-12
-1.440186295977586765e-08
-1.156067778466683584e-08
-1.156222159241974241e-09
9.895946807779710742e-10
6.616540263372428493e-10
6.594025358072273507e-11
3.295131148386282841e-11
6.610894909921612927e-12
-1.514452822905992639e-08
-1.221877831604019069e-08
-1.364341866085221466e-09
9.863868878272276698e-10
7.366859090472752346e-10
7.423034909294667912e-11
3.709745049448387975e-11
7.443153372062574385e-12
-1.590585848342755870e-08
-1.290029731250165227e-08
-1.602404071051847109e-09
9.672312364890413209e-10
8.196125936686473299e-10
8.372995329078731487e-11
4.185256344214707150e-11
8.397954045842373441e-12
-1.668501374376017671e-08
-1.360515192964471437e-08
-1.873997384402960654e-09
9.284084474195968696e-10
9.107827084627634217e-10
9.462966766455498692e-11
4.731490343742978318e-11
9.495222202579710630e-12
-1.748094790075322514e-08
-1.433309498787009169e-08
-2.183012127873493665e-09
8.656127887071419235e-10
1.010324973221915732e-09
1.071401089798827698e-10
5.359411317342895737e-11
1.075726203963179803e-11
-1.829238150372817925e-08
-1.508368441855044167e-08
-2.533629304407895197e-09
7.739055890095030897e-10
1.118041689284690064e-09
1.214861350278826141e-10
6.080875384649993788e-11
1.220828674098023561e-11
-1.911777259033668733e-08
-1.585624861077485764e-08
-2.930295663273952126e-09
6.476801370526477207e-10
1.233276429684138317e-09
1.378958189455926930e-10
6.908122084218738983e-11
1.387342672073826967e-11
-1.995528476454675156e-08
-1.664984735845769380e-08
-3.377680652034636485e-09
4.806448280523028651e-10
1.354755892468261118e-09
1.565822846122486297e-10
7.852903374343155142e-11
1.577700815119772136e-11
-2.080275321683395113e-08
-1.746322793956919422e-08
-3.880610297328154504e-09
2.658331420580441092e-10
1.480409116483804178e-09
1.777164613980129965e-10
8.925144340114564672e-11
1.793988469993087183e-11
-2.165764841065585798e-08
-1.829477613303501862e-08
-4.443972312598860927e-09
-4.348804384982785914e-12
1.607172042415133433e-09
2.013892437190799952e-10
1.013104322025483183e-10
2.037563560660000553e-11
-2.251703802948321968e-08
-1.914246203827870795e-08
-5.072585984779047607e-09
-3.380244784468081216e-10
1.730791738132630950e-09
2.275623726695014148e-10
1.147056937111200760e-10
2.308553392010345017e-11
-2.337754734648784713e-08
-2.000378042134721663e-08
-5.771029955792513040e-09
-7.436843605094070253e-10
1.845652507064471607e-09
2.560092414022713198e-10
1.293439477271128514e-10
2.605236897377862401e-11
-2.423531894485201488e-08
-2.087568589539756567e-08
-6.543420698273427095e-09
-1.229942635661666163e-09
1.944654964306531470e-09
2.862493198833104472e-10
1.450044537091790026e-10
2.923347807096296850e-11
-2.508597224835844256e-08
-2.175452325973278541e-08
-7.393134920684356387e-09
-1.805196749653531605e-09
2.019187966309224939e-09
3.174834218836666077e-10
1.613042519966328064e-10
3.255371768437907928e-11
-2.592456447149858277e-08
-2.263595353665812522e-08
-8.322469883670954342e-09
-2.477174404475864983e-09
2.059240455047796641e-09
3.485408579506517328e-10
1.776688788809657868e-10
3.589951662968643191e-11
-2.674555405691904921e-08
-2.351487725647290721e-08
-9.332237941414585915e-09
-3.252355659826350210e-09
2.053703373418976496e-09
3.778533319387314851e-10
1.933162178250320803e-10
3.911557166862645712e-11
-2.754276878198747011e-08
-2.438535640297474077e-08
-1.042129477578067360e-08
-4.135264005148499601e-09
1.990908073937777164e-09
4.034726343206379648e-10
2.072626000772875351e-10
4.200600845392833260e-11
-2.830938071237359908e-08
-2.524053767061275508e-08
-1.158600585977171919e-08
-5.127629751840710879e-09
1.859434206969141990e-09
4.231490996045552491e-10
2.183601611278109773e-10
4.434180947727529332e-11
-2.903789100520553364e-08
-2.607258069452149838e-08
-1.281966325664581654e-08
-6.227443410547983835e-09
1.649194287990768006e-09
4.344835698317466177e-10
2.253724994837306931e-10
4.587590668455287368e-11
-2.972012781364158322e-08
-2.687259548739108434e-08
-1.411187323702923827e-08
-7.427935251576637298e-09
1.352763194204325927e-09
4.351566516575045547e-10
2.270909173013259163e-10
4.636636459850018481e-11
-3.034726136480968630e-08
-2.763059523436396891e-08
-1.544794818942013212e-08
-8.716540572351291524e-09
9.668699444340139236e-10
4.232253197476366381e-10
2.224864687903461844e-10
4.560664925716486491e-11
-3.090984093377239549e-08
-2.833547194178565250e-08
-1.680834900603595622e-08
-1.007393677066505812e-08
4.939110992177731823e-10
3.974598070222890424e-10
2.108838661943443484e-10
4.346016206541951181e-11
-3.139785822743761279e-08
-2.897500330880440368e-08
-1.816823984458817960e-08
-1.147326614593036159e-08
-5.671142618186610055e-11
3.576761738436374552e-10
1.921342296136463591e-10
3.989442409510918023e-11
-3.180084297685958358e-08
-2.953590282217441865e-08
-1.949723225991721187e-08
-1.287968346350620110e-08
-6.676682242345822588e-10
3.050061782526422259e-10
1.667562362991297573e-10
3.500884404234665397e-11
-3.210799556391933191e-08
-3.000392375955537525e-08
-2.075940907144014726e-08
-1.425038556184464225e-08
-1.313450861596655196e-09
2.420408934349786543e-10
1.360126786222892791e-10
2.904957764557057965e-11
-3.230836190424118172e-08
-3.036403195771881856e-08
-2.191372632703108186e-08
-1.553528378738106622e-08
-1.961019193418264145e-09
1.727919371679517650e-10
1.018932342653578109e-10
2.240579417142339016e-11
-3.239105412578882570e-08
-3.060066061401893611e-08
-2.291489274645680670e-08
-1.667846395143541679e-08
-2.571497896704365837e-09
1.024360583864469396e-10
6.698585551549386322e-11
1.558401470571297807e-11
-3.234551919436886825e-08
-3.069806110364281006e-08
-2.371481197023307242e-08
-1.762053422050522158e-08
-3.102943292667041240e-09
3.684355779424147000e-11
3.423728572972734262e-11
9.160793533408207522e-12
-3.216185486510760483e-08
-3.064076151971029583e-08
-2.426464563838252914e-08
-1.830188681852906842e-08
-3.514031432600029333e-09
-1.806684226585438650e-11
6.625042710382981231e-12
3.718288920495733869e-12
-3.183116859987271983e-08
-3.041414001515571753e-08
-2.451750538063479468e-08
-1.866679275613942411e-08
-3.768332037894409623e-09
-5.706327506528025860e-11
-1.321585422584684159e-11
-2.286860512338296999e-13
-3.134597071632321543e-08
-3.000511491720343263e-08
-2.443171289383155152e-08
-1.866811726525385301e-08
-3.838665109458199463e-09
-7.631340056432405994e-11
-2.335342421247842148e-11
-2.302766620960082969e-12
-3.070058736256693623e-08
-2.940294017100343454e-08
-2.397447945485453271e-08
-1.827229912928584733e-08
-3.710927926219469245e-09
-7.395261348976273546e-11
-2.284440221025164387e-11
-2.319239910931620394e-12
-2.989157502965928955e-08
-2.860008711717554943e-08
-2.312575539598806107e-08
-1.746410283122657081e-08
-3.386765653003226596e-09
-5.040184412940286187e-11
-1.189172462426747501e-11
-3.161350128641855029e-13
-2.891811082554814508e-08
-2.759317108409795658e-08
-2.188190083265172894e-08
-1.625055218788126199e-08
-2.884560058852028481e-09
-8.368702755698402051e-12
8.158698728404932312e-12
3.446922905385781931e-12
-2.778233520732470868e-08
-2.638386762298480550e-08
-2.025874429264857707e-08
-1.466342123759636033e-08
-2.238426091795658819e-09
4.747826383078999517e-11
3.498566586769799200e-11
8.521598798725022733e-12
-2.648961828199026972e-08
-2.497974047912626699e-08
-1.829355051878766611e-08
-1.275971316159509373e-08
-1.495206126365550964e-09
1.111122507423245589e-10
6.559811945116130672e-11
1.433016089967005643e-11
-2.504873048678028726e-08
-2.339489048856489826e-08
-1.604543002822573234e-08
-1.061971972374282994e-08
-7.097830181446583029e-10
1.759272002033173428e-10
9.672655725829032055e-11
2.024114268493194858e-11
-2.347190398612619177e-08
-2.165031921331413484e-08
-1.359380932266349272e-08
-8.342515603197458487e-09
6.067087059404947017e-11
2.355629272832879582e-10
1.252344918084688093e-10
2.564865850832340579e-11
-2.177478485137674933e-08
-1.977390512893108540e-08
-1.103475103545578265e-08
-6.039079071910979522e-09
7.626962764544550537e-10
2.846438176906371190e-10
1.484838225765435784e-10
3.004272454098286340e-11
-1.997628908499594376e-08
-1.779989984395142631e-08
-8.475157379722274766e-09
-3.823596841525952081e-09
1.351940065813794728e-09
3.193227777384146034e-10
1.646009130108055986e-10
3.306045844318586523e-11
-1.809838658423765172e-08
-1.576788594415142793e-08
-6.025186409346659549e-09
-1.803837572396726851e-09
1.797189136856910303e-09
3.375657943792903243e-10
1.726125182854612751e-10
3.451232606987522026e-11
-1.616584182832781238e-08
-1.372119183401494313e-08
-3.789517373547388902e-09
-7.170442237822215897e-11
2.082544573635680493e-09
3.391644292783878282e-10
1.724467393082031481e-10
3.438255506285180343e-11
-1.420593368449317129e-08
-1.170482283423945336e-08
-1.858359994356683088e-09
1.304860487895465259e-09
2.207567619613849554e-09
3.255116890019502671e-10
1.648178232377044590e-10
3.280730798962372153e-11
-1.224815965674707270e-08
-9.763049065175256391e-09
-2.992646373921463893e-10
2.287574306787305526e-09
2.185570376663143037e-09
2.992113313082474264e-10
1.510303390963984810e-10
3.003736362798795694e-11
-1.032390107663868266e-08
-7.936865637770458456e-09
8.491990993989893299e-10
2.870376803271574990e-09
2.040506059521202884e-09
2.636065869879096266e-10
1.327454663436108397e-10
2.639342914354065572e-11
-8.465998766013659077e-09
-6.261597048816060379e-09
1.580986009040815576e-09
3.078563795921701110e-09
1.803081592893469917e-09
2.223113668798379798e-10
1.117502419559632946e-10
2.222183553806260762e-11
-6.708165678079420409e-09
-4.764940902824005536e-09
1.922753823417718242e-09
2.964686745060657053e-09
1.506748680044377729e-09
1.788094511328127143e-10
8.976145399046115479e-11
1.785668905950188204e-11
-5.084164957217268174e-09
-3.465718730426500352e-09
1.930530528246932589e-09
2.601866124607215185e-09
1.184139263333245894e-09
1.361615061286729865e-10
6.828328723652367521e-11
1.359214147585281950e-11
-3.626709850600492732e-09
-2.373522560438101444e-09
1.683213823353355750e-09
2.075487759381940350e-09
8.643339397948134309e-10
9.683303445521726275e-11
4.852448786172007182e-11
9.665975331010358655e-12
-2.366100040643824553e-09
-1.489320115274664472e-09
1.273698486449524245e-09
1.474392815375745491e-09
5.711384846839781569e-10
6.263380615779208930e-11
3.137006031524571083e-11
6.253625962003331329e-12
-1.328684756686269503e-09
-8.069284106963488401e-10
7.987613548949159863e-10
8.826205500603361750e-10
3.223435575411757297e-10
3.474460849315939290e-11
1.739540532578995326e-11
3.470403892849968384e-12
-5.353156985808793691e-10
-3.151182519348131971e-10
3.489903952494501206e-10
3.725524088927765678e-10
1.297923357321224470e-10
1.380043568159376730e-11
6.907728405058652093e-12
1.379074817489640748e-12
-4.132141203740013901e-24
-2.827404976619252745e-24
2.704001422172738552e-24
2.364771308669018407e-24
1.583451936610312644e-24
3.565998777130813665e-23
1.835701227903129191e-21
-1.489738809889644464e-24
