-1.526727293212378627e-15
2.510707477058164994e-01
4.958404296441765169e-01
7.282679863489811556e-01
9.428155097895005721e-01
1.134659229650820000e+00
1.299855830289609937e+00
1.435455465788090690e+00
1.539557205014879582e+00
1.611307057491591754e+00
1.650842781387393154e+00
1.659193085913267307e+00
1.638141162639531467e+00
1.590064042797328270e+00
1.517759591185481538e+00
1.424272696827560303e+00
1.312731087096282057e+00
1.186199651274787437e+00
1.047560353775634612e+00
8.994226739995124786e-01
7.440674986874862284e-01
5.834252013596320507e-01
4.190867211627388178e-01
2.523444955905193021e-01
8.425852940600027374e-02
-8.425852954120632843e-02
-2.523444952918895701e-01
-4.190867213070201824e-01
-5.834252022516122071e-01
-7.440674989066248246e-01
-8.994226768699264962e-01
-1.047560355229456341e+00
-1.186199654428587991e+00
-1.312731087062562585e+00
-1.424272696506053038e+00
-1.517759588936275827e+00
-1.590064043091483637e+00
-1.638141164295764396e+00
-1.659193083509461042e+00
-1.650842781296606221e+00
-1.611307059623084070e+00
-1.539557210064848247e+00
-1.435455467413449870e+00
-1.299855829927663242e+00
-1.134659230424532428e+00
-9.428155086936345075e-01
-7.282679849446619391e-01
-4.958404296070195172e-01
-2.510707475188639903e-01
-2.008321319652837325e-15
-1.671235982545374342e-15
2.747308553319833813e-01
5.425742224373464317e-01
7.969262327892564501e-01
1.031731923353037761e+00
1.241715543952555567e+00
1.422562248346624258e+00
1.571041776539036094e+00
1.685069403181676195e+00
1.763704299982196355e+00
1.807089789612032371e+00
1.816343785122133792e+00
1.793410141051895668e+00
1.740883436412897334e+00
1.661820131826979186e+00
1.559548595331732512e+00
1.437489542617712335e+00
1.298996555544234655e+00
1.147224467985817897e+00
9.850311291719725526e-01
8.149157120763642626e-01
6.389944551679217488e-01
4.590125468102551065e-01
2.763887540827590361e-01
9.228760152355518220e-02
-9.228760152377099568e-02
-2.763887540520674202e-01
-4.590125470477709468e-01
-6.389944554991229264e-01
-8.149157124656382090e-01
-9.850311311120286684e-01
-1.147224466711479041e+00
-1.298996553076545712e+00
-1.437489543434109063e+00
-1.559548598235082073e+00
-1.661820130773602688e+00
-1.740883438318044929e+00
-1.793410142024703502e+00
-1.816343788153364613e+00
-1.807089792065810885e+00
-1.763704296006149086e+00
-1.685069401211763518e+00
-1.571041775661480955e+00
-1.422562249319816896e+00
-1.241715544655049630e+00
-1.031731925299250285e+00
-7.969262321707509811e-01
-5.425742227882337509e-01
-2.747308548423337826e-01
-2.198211492036516219e-15
-1.829357930279094835e-15
3.006090815793288629e-01
5.936897038253001746e-01
8.720228037499730966e-01
1.128988171418627173e+00
1.358815852199446672e+00
1.556784646099749203e+00
1.719357447928407057e+00
1.844248239663949906e+00
1.930420835823837278e+00
1.978024234644456536e+00
1.988273440375692092e+00
1.963287603337517728e+00
1.905898884020589934e+00
1.819446269323470533e+00
1.707567998554821331e+00
1.574005130160067045e+00
1.422426996492549112e+00
1.256286966296099594e+00
1.078714692583760959e+00
8.924482836727550827e-01
6.998075012543227835e-01
5.027064985421387799e-01
3.027024784887084596e-01
1.010745490631620724e-01
-1.010745491208820956e-01
-3.027024780344785282e-01
-5.027064984724791685e-01
-6.998075005049895214e-01
-8.924482847379443529e-01
-1.078714694051057688e+00
-1.256286966626761537e+00
-1.422426994323279237e+00
-1.574005130385224938e+00
-1.707567999594015173e+00
-1.819446270583749303e+00
-1.905898885333624060e+00
-1.963287601226637369e+00
-1.988273441832349553e+00
-1.978024235524794561e+00
-1.930420838761250035e+00
-1.844248240015613272e+00
-1.719357447702039021e+00
-1.556784645665456601e+00
-1.358815854015053004e+00
-1.128988170596783913e+00
-8.720228035993026205e-01
-5.936897045127351724e-01
-3.006090817745671329e-01
-2.405969266491311623e-15
-2.002509172422665623e-15
3.289347476882345522e-01
6.496398008775526867e-01
9.542230287593674865e-01
1.235445755407755142e+00
1.486997198262012487e+00
1.703711383243583732e+00
1.881715213976419276e+00
2.018502124101464013e+00
2.112931248516585203e+00
2.165157413193302904e+00
2.176501553973625658e+00
2.149274325138260888e+00
2.086567625677600013e+00
1.992029459231231980e+00
1.869637055551806482e+00
1.723482057742927953e+00
1.557579396326021826e+00
1.375709286155056832e+00
1.181298996396956680e+00
9.773483471617664398e-01
7.664000560172721244e-01
5.505534304213388630e-01
3.315174152293479670e-01
1.106967562532392424e-01
-1.106967559543554636e-01
-3.315174155681318013e-01
-5.505534311424742366e-01
-7.664000556138084175e-01
-9.773483468671942953e-01
-1.181298995881422176e+00
-1.375709286907914386e+00
-1.557579396808033367e+00
-1.723482058072703937e+00
-1.869637053952783790e+00
-1.992029457138009274e+00
-2.086567627002903880e+00
-2.149274325322210188e+00
-2.176501551693673431e+00
-2.165157412722351626e+00
-2.112931248970274734e+00
-2.018502126354510207e+00
-1.881715215654726769e+00
-1.703711381142449799e+00
-1.486997199646299617e+00
-1.235445754830234444e+00
-9.542230297448118792e-01
-6.496398012245859777e-01
-3.289347482726798222e-01
-2.633450539272395453e-15
-2.192349109336780951e-15
3.599764059933009408e-01
7.109548728018079133e-01
1.044305870761388588e+00
1.352113095927296893e+00
1.627473173868692280e+00
1.864732697502100578e+00
2.059650293349267969e+00
2.209477540087519287e+00
2.312958652871183407e+00
2.370254629246265399e+00
2.382802234523079044e+00
2.353121772670625056e+00
2.284589592069252273e+00
2.181192168928990593e+00
2.047278169274286075e+00
1.887323362344015987e+00
1.705721432967351348e+00
1.506610826683720150e+00
1.293745061059990764e+00
1.070410862521054662e+00
8.393954085479380378e-01
6.030010396887025559e-01
3.631031259619633134e-01
1.212442272661271719e-01
-1.212442272041685254e-01
-3.631031259478984530e-01
-6.030010394928487782e-01
-8.393954091177804333e-01
-1.070410863358318476e+00
-1.293745060238561617e+00
-1.506610828194508089e+00
-1.705721432972627571e+00
-1.887323361704719593e+00
-2.047278167582943897e+00
-2.181192170835708932e+00
-2.284589590807465598e+00
-2.353121772111697485e+00
-2.382802236388722683e+00
-2.370254630356972037e+00
-2.312958654823737081e+00
-2.209477540051561384e+00
-2.059650292494598744e+00
-1.864732696666191680e+00
-1.627473174667384503e+00
-1.352113095846769975e+00
-1.044305871410730724e+00
-7.109548725723560114e-01
-3.599764061232335055e-01
-2.882829839215026973e-15
-2.400863084767575509e-15
3.940551609205635852e-01
7.782690012826199988e-01
1.143202471515869512e+00
1.480195352953057819e+00
1.781693706919168063e+00
2.041508991937889927e+00
2.254995514617508245e+00
2.419139306256334887e+00
2.532558393354201520e+00
2.595420508753946365e+00
2.609289565051718718e+00
2.576915992719948534e+00
2.501988404781288811e+00
2.388864902229470122e+00
2.242301888999866932e+00
2.067196891955897176e+00
1.868359423527302221e+00
1.650321228792137607e+00
1.417194016789560695e+00
1.172579507908694918e+00
9.195332704239778110e-01
6.605805534490312159e-01
3.977794270733812088e-01
1.328237421852683509e-01
-1.328237422815882196e-01
-3.977794273057149166e-01
-6.605805531897225302e-01
-9.195332695174842641e-01
-1.172579508112205682e+00
-1.417194015830380627e+00
-1.650321229684917013e+00
-1.868359425401771912e+00
-2.067196893065277763e+00
-2.242301888433885004e+00
-2.388864902238182708e+00
-2.501988407876920117e+00
-2.576915991419788110e+00
-2.609289561367707844e+00
-2.595420508611212984e+00
-2.532558394471475793e+00
-2.419139306167558789e+00
-2.254995513513824879e+00
-2.041508991281413277e+00
-1.781693704208042517e+00
-1.480195353207296671e+00
-1.143202470814461025e+00
-7.782690008251761382e-01
-3.940551612041557350e-01
-3.156708463183665370e-15
-2.630479700252644295e-15
4.315635911284069759e-01
8.523573197438761850e-01
1.252050889287058988e+00
1.621165118113940373e+00
1.951429904222943268e+00
2.236067718165967388e+00
2.469987919637944618e+00
2.649884433545413032e+00
2.774236637354622559e+00
2.843219949981465877e+00
2.858538531573504571e+00
2.823196415033025541e+00
2.741226174919034531e+00
2.617395146861792199e+00
2.456908709180321448e+00
2.265128691079408174e+00
2.047322331971164644e+00
1.808454238537460013e+00
1.553030290518696344e+00
1.284998794305451719e+00
1.007710547757055153e+00
7.239359562279049642e-01
4.359339660031831820e-01
1.455647183378674103e-01
-1.455647183453339932e-01
-4.359339660175141629e-01
-7.239359551668740345e-01
-1.007710548721086230e+00
-1.284998793931036110e+00
-1.553030291386602979e+00
-1.808454237483577920e+00
-2.047322330277219216e+00
-2.265128689849659427e+00
-2.456908706362740613e+00
-2.617395142707211519e+00
-2.741226175331639592e+00
-2.823196411654167015e+00
-2.858538530371464326e+00
-2.843219951373269883e+00
-2.774236640930889397e+00
-2.649884433131798112e+00
-2.469987915891747932e+00
-2.236067716799743810e+00
-1.951429905516449903e+00
-1.621165117755379859e+00
-1.252050890176402254e+00
-8.523573204252099522e-01
-4.315635913310547633e-01
-3.458268098870065649e-15
-2.884236841453398004e-15
4.729925277969500574e-01
9.341888381290747168e-01
1.372273565609351653e+00
1.776862452162500716e+00
2.138894098487106543e+00
2.450940379462714702e+00
2.707419420219096651e+00
2.904702974714925556e+00
3.041117888161220861e+00
3.116848851609765880e+00
3.133755712148503569e+00
3.095123410290140153e+00
3.005365154210360323e+00
2.869700877109953918e+00
2.693832287928642710e+00
2.483634313162700558e+00
2.244879840630871204e+00
1.983011526479193876e+00
1.702970403112827213e+00
1.409087250169364092e+00
1.105038551582582906e+00
7.938649954440235579e-01
4.780468760589420829e-01
1.596274363571192068e-01
-1.596274364586058869e-01
-4.780468760694139840e-01
-7.938649955823792181e-01
-1.105038551151812154e+00
-1.409087251104418348e+00
-1.702970402925262583e+00
-1.983011526079149656e+00
-2.244879840099172075e+00
-2.483634312359990659e+00
-2.693832291772074505e+00
-2.869700876601514850e+00
-3.005365158249817092e+00
-3.095123414969972231e+00
-3.133755710191199473e+00
-3.116848846319632216e+00
-3.041117887537885700e+00
-2.904702971394236943e+00
-2.707419417264566697e+00
-2.450940377399531744e+00
-2.138894099042343289e+00
-1.776862451108687235e+00
-1.372273566396673194e+00
-9.341888386935056632e-01
-4.729925275034615462e-01
-3.791488229206145535e-15
-3.166015338449142622e-15
5.189687146078935109e-01
1.025000737903897230e+00
1.505686212284653491e+00
1.949635481281035920e+00
2.346908449712279410e+00
2.689354912654417618e+00
2.970848287906936669e+00
3.187403656031363663e+00
3.337179838400176290e+00
3.420373255087959308e+00
3.439018130911966953e+00
3.396712640001035233e+00
3.298293786788784487e+00
3.149484910924728265e+00
2.956539356673224539e+00
2.725901948363579574e+00
2.463906895492459892e+00
2.176527219202669450e+00
1.869186444478043274e+00
1.546639174915897641e+00
1.212922508370988917e+00
8.713761508703641301e-01
5.247250118840343092e-01
1.752144638791053866e-01
-1.752144640701537859e-01
-5.247250119493046538e-01
-8.713761503387612573e-01
-1.212922507138861405e+00
-1.546639175824610302e+00
-1.869186443229107208e+00
-2.176527216438197687e+00
-2.463906897497489368e+00
-2.725901948059555657e+00
-2.956539356522990936e+00
-3.149484910622550871e+00
-3.298293787410151445e+00
-3.396712639127608124e+00
-3.439018128958858167e+00
-3.420373255286578207e+00
-3.337179837638231117e+00
-3.187403658183788568e+00
-2.970848286660159765e+00
-2.689354915285459224e+00
-2.346908449702484134e+00
-1.949635481813382976e+00
-1.505686212470197294e+00
-1.025000738397029654e+00
-5.189687149796355925e-01
-4.161452073569070439e-15
-3.480865340137589717e-15
5.703073933827383923e-01
1.126402067847625421e+00
1.654649776432901565e+00
2.142536505658416246e+00
2.579140016667401003e+00
2.955503707388090540e+00
3.264893480719269547e+00
3.502927659546008599e+00
3.667579569200199341e+00
3.759061259616983897e+00
3.779604347029171141e+00
3.733159443466577798e+00
3.625039140187730879e+00
3.461530852062572272e+00
3.249505333550376296e+00
2.996044629204129173e+00
2.708110031697808839e+00
2.392266505337038218e+00
2.054475644312614424e+00
1.699964199392031805e+00
1.333170542470882847e+00
9.577666604897145941e-01
5.767488379662616405e-01
1.925862918268485824e-01
-1.925862918783155242e-01
-5.767488381368036654e-01
-9.577666598956298127e-01
-1.333170542565853989e+00
-1.699964199882707527e+00
-2.054475645348900148e+00
-2.392266505365225004e+00
-2.708110024729476262e+00
-2.996044628938425713e+00
-3.249505333700708931e+00
-3.461530862420175936e+00
-3.625039139716995873e+00
-3.733159443188325266e+00
-3.779604347343659576e+00
-3.759061258885505463e+00
-3.667579568770952037e+00
-3.502927660591374170e+00
-3.264893480660079561e+00
-2.955503707099198518e+00
-2.579140016330912832e+00
-2.142536506019524722e+00
-1.654649776560279006e+00
-1.126402067682783059e+00
-5.703073933007215546e-01
-4.574773857875692324e-15
-3.835457111709096275e-15
6.280848326675914084e-01
1.240516746392688274e+00
1.822279882825314612e+00
2.359592089015847716e+00
2.840424237603671465e+00
3.254912001241801800e+00
3.595638776918851143e+00
3.857778831625885196e+00
4.039100178001080010e+00
4.139836592882800481e+00
4.162446257248531012e+00
4.111280727200023577e+00
3.992191736771252053e+00
3.812104734686251994e+00
3.578587690382327935e+00
3.299441199248031698e+00
2.982332763987329827e+00
2.634493166990644397e+00
2.262488385021334203e+00
1.872074725247061977e+00
1.468139876086957285e+00
1.054727112657012578e+00
6.351352262150901096e-01
2.120822738865544843e-01
-2.120822738864275581e-01
-6.351352261159560753e-01
-1.054727113053849585e+00
-1.468139875138033457e+00
-1.872074724613900232e+00
-2.262488382622541483e+00
-2.634493168602495938e+00
-2.982332765433850064e+00
-3.299441202477435109e+00
-3.578587689038089437e+00
-3.812104737135501242e+00
-3.992191733503899886e+00
-4.111280726906882066e+00
-4.162446258450444248e+00
-4.139836593013297872e+00
-4.039100179716557548e+00
-3.857778828600122445e+00
-3.595638775614472316e+00
-3.254912001994689774e+00
-2.840424236466987384e+00
-2.359592087655533632e+00
-1.822279883089216179e+00
-1.240516747019316357e+00
-6.280848335579158892e-01
-5.040188830812677184e-15
-4.238692237791530890e-15
6.937365155460025745e-01
1.370177047911911528e+00
2.012730005567934022e+00
2.606167849610829812e+00
3.137201207487216870e+00
3.594933983541146461e+00
3.971175941336488435e+00
4.260600648109200250e+00
4.460748333571911139e+00
4.571884007233508740e+00
4.596730310881572024e+00
4.540101303883215422e+00
4.408467578500114392e+00
4.209484764013613933e+00
3.951516862777786354e+00
3.643183328941643317e+00
3.292954930459433438e+00
2.908818452763473950e+00
2.498024805855484587e+00
2.066929200175755987e+00
1.620926209791451633e+00
1.164476739838325114e+00
7.012186125883365095e-01
2.341476736142042436e-01
-2.341476735796094721e-01
-7.012186125480533994e-01
-1.164476739705615271e+00
-1.620926210122658251e+00
-2.066929200705345693e+00
-2.498024805812899540e+00
-2.908818452626835249e+00
-3.292954929651122686e+00
-3.643183328971622892e+00
-3.951516862506332384e+00
-4.209484764816718183e+00
-4.408467578316495938e+00
-4.540101304782728775e+00
-4.596730311157064541e+00
-4.571884007122627658e+00
-4.460748332947781947e+00
-4.260600647146848274e+00
-3.971175940369966906e+00
-3.594933983258809640e+00
-3.137201207974564365e+00
-2.606167849491194399e+00
-2.012730005195685568e+00
-1.370177047962969796e+00
-6.937365154990785543e-01
-5.569352927976015563e-15
-4.702506640822317856e-15
7.691857728202209366e-01
1.519176910041870610e+00
2.231561722122655134e+00
2.889444602311431964e+00
3.478083868273996515e+00
3.985397123252520046e+00
4.402307961069905851e+00
4.722920624220663832e+00
4.944522164370256156e+00
5.067423827448489071e+00
5.094663286528319901e+00
5.031597047887573559e+00
4.885416857586402983e+00
4.664625766026160747e+00
4.378508800916256050e+00
4.036630276051521804e+00
3.648385590559747982e+00
3.222629561700760981e+00
2.767397478193570404e+00
2.289728385571832447e+00
1.795593598835285132e+00
1.289927177278845649e+00
7.767490507145976553e-01
2.593663111584784686e-01
-2.593663111245533281e-01
-7.767490506761691726e-01
-1.289927177345157716e+00
-1.795593599038929566e+00
-2.289728385569451685e+00
-2.767397480740016569e+00
-3.222629560883254918e+00
-3.648385590741398232e+00
-4.036630275625924469e+00
-4.378508800729381534e+00
-4.664625769666837840e+00
-4.885416857748583475e+00
-5.031597048152563367e+00
-5.094663286294379034e+00
-5.067423827736685205e+00
-4.944522164556227395e+00
-4.722920624531555589e+00
-4.402307961525595559e+00
-3.985397123821365462e+00
-3.478083867953412067e+00
-2.889444602024018760e+00
-2.231561724776042421e+00
-1.519176909968906086e+00
-7.691857728172815101e-01
-6.177892784373218636e-15
-5.242859356201775432e-15
8.570014164191297468e-01
1.692581894936556974e+00
2.486196739344394224e+00
3.218997766615229850e+00
3.874546579268822732e+00
4.439379078592408767e+00
4.903391981139169964e+00
5.260036426817528366e+00
5.506318414166444519e+00
5.642619325723856605e+00
5.672361103816139227e+00
5.601549012317711629e+00
5.438230037582879817e+00
5.191906863883461121e+00
4.872946495684192136e+00
4.492019323884720805e+00
4.059599463219070614e+00
3.585551007305962212e+00
3.078817951493498128e+00
2.547228261611413025e+00
1.997415339002121648e+00
1.434853043985965915e+00
8.639939152653021148e-01
2.884943516134367281e-01
-2.884943516704516209e-01
-8.639939152805312661e-01
-1.434853043846449738e+00
-1.997415338909613869e+00
-2.547228261590863685e+00
-3.078817951491234162e+00
-3.585551008092194625e+00
-4.059599463265490371e+00
-4.492019324237610967e+00
-4.872946495689769897e+00
-5.191906863577810505e+00
-5.438230037600799704e+00
-5.601549012170497832e+00
-5.672361103771689450e+00
-5.642619325783791773e+00
-5.506318413854945248e+00
-5.260036426018510625e+00
-4.903391980847456644e+00
-4.439379078789204236e+00
-3.874546579483038489e+00
-3.218997767273723110e+00
-2.486196739294083358e+00
-1.692581895041175732e+00
-8.570014164030148596e-01
-6.886697299206944877e-15
-5.880775955224093314e-15
9.605622125044923632e-01
1.897051540580630746e+00
2.786384334209361935e+00
3.607391843960258360e+00
4.341624395039332285e+00
4.973986784079102108e+00
5.493171887582745327e+00
5.891875874593494267e+00
6.166795050297458225e+00
6.318419743852506265e+00
6.350653413882495713e+00
6.270294534200388625e+00
6.086424455258295119e+00
5.809746467908980527e+00
5.451920060335979201e+00
5.024930589268466363e+00
4.540528822824045463e+00
4.009767780882931731e+00
3.442656497925828507e+00
2.847942197014952548e+00
2.233024223728774516e+00
1.603995293353713381e+00
9.657982532652473751e-01
3.224801402247786108e-01
-3.224801402175679899e-01
-9.657982532953814925e-01
-1.603995293457160853e+00
-2.233024223727915203e+00
-2.847942196617041066e+00
-3.442656498368651619e+00
-4.009767780764673439e+00
-4.540528822908213691e+00
-5.024930589700774775e+00
-5.451920060580585314e+00
-5.809746467649517854e+00
-6.086424454983084154e+00
-6.270294533792135638e+00
-6.350653413342467246e+00
-6.318419744414828898e+00
-6.166795050294552993e+00
-5.891875874721456796e+00
-5.493171887909918283e+00
-4.973986783987293769e+00
-4.341624395323454344e+00
-3.607391843733438463e+00
-2.786384334310103128e+00
-1.897051540431198502e+00
-9.605622124553231389e-01
-7.723277358953854501e-15
-6.642944244182698932e-15
1.084145213734989621e+00
2.141009172582311937e+00
3.144439578076196895e+00
4.070468829141723255e+00
4.898229921950180810e+00
5.610678252112306197e+00
6.195081715026209856e+00
6.643260462602230021e+00
6.951576987577634092e+00
7.120694840687953331e+00
7.155138934293201913e+00
7.062700911775432466e+00
6.853739382227413302e+00
6.540426727886897496e+00
6.135992619368590972e+00
5.654009722262718363e+00
5.107760359731015498e+00
4.509714708225255997e+00
3.871142265625048928e+00
3.201869048112246041e+00
2.510183877025026433e+00
1.802888390314001610e+00
1.085477222082376514e+00
3.624276938871229814e-01
-3.624276937697479273e-01
-1.085477221317614926e+00
-1.802888390873428337e+00
-2.510183877243734596e+00
-3.201869047054643591e+00
-3.871142265447912401e+00
-4.509714708279791928e+00
-5.107760360338313710e+00
-5.654009723418104372e+00
-6.135992619392435898e+00
-6.540426728895496922e+00
-6.853739382889134646e+00
-7.062700909496382629e+00
-7.155138932384148553e+00
-7.120694841603458336e+00
-6.951576987859128032e+00
-6.643260462524482435e+00
-6.195081714859024480e+00
-5.610678251758765001e+00
-4.898229921068642412e+00
-4.070468829095839070e+00
-3.144439578431243554e+00
-2.141009172412851491e+00
-1.084145214010535208e+00
-8.722532475720348835e-15
-7.560336598054623966e-15
1.232687993974216134e+00
2.434163635776378065e+00
3.574519791415136094e+00
4.626373971217133452e+00
5.565924047773266992e+00
6.373777061421620260e+00
7.035507698857289327e+00
7.541925517775260879e+00
7.889052692868952832e+00
8.077834753181255323e+00
8.113623681530087950e+00
8.005484805160577366e+00
7.765385719796823238e+00
7.407327387703299237e+00
6.946475094416459939e+00
6.398341209911857064e+00
5.778063562712372203e+00
5.099813655845212956e+00
4.376358628075676549e+00
3.618790347858515055e+00
2.836424726617748693e+00
2.036864531199539030e+00
1.226209953096804917e+00
4.093932068562807225e-01
-4.093932068397652668e-01
-1.226209953056049518e+00
-2.036864531219319208e+00
-2.836424726531657559e+00
-3.618790347772704585e+00
-4.376358627892848574e+00
-5.099813655772239329e+00
-5.778063562520502572e+00
-6.398341209972943311e+00
-6.946475095009154721e+00
-7.407327388072029173e+00
-7.765385719810104170e+00
-8.005484805526608127e+00
-8.113623681504664731e+00
-8.077834751566406624e+00
-7.889052692976603609e+00
-7.541925517630736486e+00
-7.035507698411430866e+00
-6.373777061389507281e+00
-5.565924047800529628e+00
-4.626373971255738127e+00
-3.574519791380843525e+00
-2.434163636011119625e+00
-1.232687993999044274e+00
-9.924919882291638938e-15
-8.660604811180345237e-15
1.410531342732840088e+00
2.785010235555520186e+00
4.088915325899852071e+00
5.290684870297444498e+00
6.362949712591762896e+00
7.283495795760611458e+00
8.035905410088814094e+00
8.609853628356770372e+00
9.001063831844360763e+00
9.210950798528523720e+00
9.245999816194348853e+00
9.116943995496516351e+00
8.837809380261598236e+00
8.424898848111366689e+00
7.895782061264911889e+00
7.268351306040744753e+00
6.559992904235727451e+00
5.786912389895216613e+00
4.963639504784413958e+00
4.102726974836361507e+00
3.214645332867913652e+00
2.307865130388597752e+00
1.389107852231204143e+00
4.637380536278775112e-01
-4.637380534976569546e-01
-1.389107852471862081e+00
-2.307865130699814582e+00
-3.214645332522799492e+00
-4.102726974837592522e+00
-4.963639504229127475e+00
-5.786912389812837176e+00
-6.559992904483082476e+00
-7.268351306195701689e+00
-7.895782061178246103e+00
-8.424898848724565070e+00
-8.837809381068375103e+00
-9.116943995666048295e+00
-9.245999814991293420e+00
-9.210950798799840911e+00
-9.001063832974670831e+00
-8.609853629478813275e+00
-8.035905409938193245e+00
-7.283495796530933042e+00
-6.362949712766927668e+00
-5.290684870934248885e+00
-4.088915326456799448e+00
-2.785010235590155148e+00
-1.410531342687341372e+00
-1.136644288747611333e-14
-9.943031720080935410e-15
1.617321535428189128e+00
3.192711136904911040e+00
4.686058646795855154e+00
6.060772035474639274e+00
7.285235081891441311e+00
8.333935857424233262e+00
9.188205798591088325e+00
9.836543165497420915e+00
1.027452853988809700e+01
1.050437006434578180e+01
1.053413982310621044e+01
1.037677861916392885e+01
1.004895403925945629e+01
9.569856979356309523e+00
8.960016077183450278e+00
8.240199077411521245e+00
7.430457530079455530e+00
6.549356834929457527e+00
5.613419265916472334e+00
4.636793655053722318e+00
3.631152202362822212e+00
2.605802787695988165e+00
1.567994236054795820e+00
5.233824634582399105e-01
-5.233824634339533377e-01
-1.567994236210815684e+00
-2.605802787203396864e+00
-3.631152202585401945e+00
-4.636793655867286645e+00
-5.613419266400160090e+00
-6.549356835221155748e+00
-7.430457529641620873e+00
-8.240199077410080619e+00
-8.960016076574829569e+00
-9.569856979045631817e+00
-1.004895403591775427e+01
-1.037677861874949947e+01
-1.053413982390029879e+01
-1.050437006487297786e+01
-1.027452854068572563e+01
-9.836543166143380645e+00
-9.188205797993848734e+00
-8.333935857608292253e+00
-7.285235081756971987e+00
-6.060772035755879195e+00
-4.686058646182723386e+00
-3.192711136649101444e+00
-1.617321535485594763e+00
-1.304575117731212056e-14
-1.130882646133722124e-14
1.836672885118225018e+00
3.624672229239653376e+00
5.317511200695468787e+00
6.872919986400298775e+00
8.254579174999900459e+00
9.433445241122500491e+00
1.038859625149472343e+01
1.110756955364942300e+01
1.158620596170056594e+01
1.182805223472452738e+01
1.184340213183751800e+01
1.164807424743604614e+01
1.126203211707469620e+01
1.070794997604781962e+01
1.000981807976448223e+01
9.191667105439192298e+00
8.276474147328421793e+00
7.285295013997739488e+00
6.236650282455902250e+00
5.146176509070028438e+00
4.026539475308563709e+00
2.887593378692305812e+00
1.736758445174774401e+00
5.795795653070241471e-01
-5.795795652852563373e-01
-1.736758445153136154e+00
-2.887593378766228014e+00
-4.026539475569354209e+00
-5.146176509390701703e+00
-6.236650282409015311e+00
-7.285295014013254189e+00
-8.276474147808164261e+00
-9.191667105885377609e+00
-1.000981807956684655e+01
-1.070794997590029674e+01
-1.126203211696129181e+01
-1.164807424813910863e+01
-1.184340213162872324e+01
-1.182805223473252809e+01
-1.158620596166463734e+01
-1.110756955341164343e+01
-1.038859625121678221e+01
-9.433445241392883318e+00
-8.254579175440454719e+00
-6.872919986102017376e+00
-5.317511200884497136e+00
-3.624672229333560036e+00
-1.836672885113098674e+00
-1.483269971670568359e-14
-1.239408229854415090e-14
2.009136148753575934e+00
3.963181569001649418e+00
5.809645329931274915e+00
7.501040130038497011e+00
8.996915265483339752e+00
1.026538285242766513e+01
1.128405273873078940e+01
1.204034813670248560e+01
1.253122840162756546e+01
1.276239192767778441e+01
1.274706568229363945e+01
1.250450744747816501e+01
1.205835198051359924e+01
1.143492561719772205e+01
1.066163834729488791e+01
9.765541632260816840e+00
8.772117566802412725e+00
7.704342662550226706e+00
6.582049268665747910e+00
5.421589972601705831e+00
4.235795287808502785e+00
3.034202217734969675e+00
1.823520437533972638e+00
6.082936770137339355e-01
-6.082936769648731312e-01
-1.823520437587594412e+00
-3.034202217766935217e+00
-4.235795287638138618e+00
-5.421589972889043096e+00
-6.582049268979885071e+00
-7.704342662543044895e+00
-8.772117566799847665e+00
-9.765541632267426664e+00
-1.066163834731592530e+01
-1.143492561677920172e+01
-1.205835198152925436e+01
-1.250450744825748473e+01
-1.274706568263782991e+01
-1.276239192774759879e+01
-1.253122840195766230e+01
-1.204034813644237012e+01
-1.128405273885856630e+01
-1.026538285253617211e+01
-8.996915265483767854e+00
-7.501040130108660442e+00
-5.809645329931590219e+00
-3.963181569001436699e+00
-2.009136148754132378e+00
-1.624944813176403828e-14
-1.228283048579761722e-14
1.986151461426053588e+00
3.914834198820519529e+00
5.731491844568300742e+00
7.387157330132029465e+00
8.840686137922684651e+00
1.006038759350194489e+01
1.102496114419300888e+01
1.172371543183694342e+01
1.215611488070504365e+01
1.233075333001728424e+01
1.226389187439105477e+01
1.197771631758104327e+01
1.149846988643736978e+01
1.085460244413135733e+01
1.007505332582607771e+01
9.187756110439941892e+00
8.218424513057621894e+00
7.189652234073800940e+00
6.120337636911642676e+00
5.025426924673808138e+00
3.915956380887040567e+00
2.799364261643999985e+00
1.680034997793766971e+00
5.600317930471112593e-01
-5.600317930330751537e-01
-1.680034997793555140e+00
-2.799364261652717900e+00
-3.915956380787031232e+00
-5.025426924688498609e+00
-6.120337636765781575e+00
-7.189652233882095622e+00
-8.218424513033118828e+00
-9.187756110214559513e+00
-1.007505332582871915e+01
-1.085460244412265673e+01
-1.149846988645698254e+01
-1.197771631758682531e+01
-1.226389187467169961e+01
-1.233075333002861029e+01
-1.215611488070759982e+01
-1.172371543184080878e+01
-1.102496114355838763e+01
-1.006038759348820477e+01
-8.840686137918773113e+00
-7.387157330271539202e+00
-5.731491844558999738e+00
-3.914834198904426632e+00
-1.986151461426983067e+00
-1.609507066589292953e-14
-9.547118396298390805e-15
1.538139409465504537e+00
3.027845797661667948e+00
4.423394722690975556e+00
5.684240136440849689e+00
6.777036449320890554e+00
7.677058448602941176e+00
8.368935170657820777e+00
8.846689232870799557e+00
9.113142506924539532e+00
9.178803464213089569e+00
9.060385589640283399e+00
8.779118420737614059e+00
8.359005347160916699e+00
7.825159837287073650e+00
7.202320939194288840e+00
6.513615308704499895e+00
5.779602186696888744e+00
5.017612347321870558e+00
4.241373748737871985e+00
3.460904717808098052e+00
2.682648494090498659e+00
1.909819014323098640e+00
1.142925107547070773e+00
3.804377422913025053e-01
-3.804377422913599038e-01
-1.142925107545628594e+00
-1.909819014323328012e+00
-2.682648494091013358e+00
-3.460904717807750774e+00
-4.241373748729309945e+00
-5.017612347320746125e+00
-5.779602186694859256e+00
-6.513615308703639251e+00
-7.202320937458577710e+00
-7.825159837289270115e+00
-8.359005347163391164e+00
-8.779118420740061879e+00
-9.060385589640395310e+00
-9.178803464224042585e+00
-9.113142506926431352e+00
-8.846689232870215136e+00
-8.368935170658751588e+00
-7.677058448608513608e+00
-6.777036449320807954e+00
-5.684240136446451430e+00
-4.423394722689057090e+00
-3.027845797658068161e+00
-1.538139409465980822e+00
-1.250071943266759491e-14
-4.299156248337827586e-15
6.884356879256242623e-01
1.352217960492707149e+00
1.968240939485810470e+00
2.516345116604103538e+00
2.980438853685761114e+00
3.349250497621557354e+00
3.616665786004481298e+00
3.781654264755038408e+00
3.847832225034402587e+00
3.822742108067744393e+00
3.716946123867672647e+00
3.543034477882394562e+00
3.314638542630559126e+00
3.045520445376574958e+00
2.748788002898832961e+00
2.436262001610930650e+00
2.118005035846791895e+00
1.802008889152283855e+00
1.494030972856027928e+00
1.197568006654305295e+00
9.139551738295713657e-01
6.425791284675311799e-01
3.811921626258482632e-01
1.263120663888307460e-01
-1.263120663831878154e-01
-3.811921626150837072e-01
-6.425791285698403410e-01
-9.139551736504019086e-01
-1.197568006669927465e+00
-1.494030972795846068e+00
-1.802008889145306547e+00
-2.118005035655432966e+00
-2.436262001923458875e+00
-2.748788003741517549e+00
-3.045520445714121394e+00
-3.314638542352055239e+00
-3.543034477443776531e+00
-3.716946123562982596e+00
-3.822742108475924550e+00
-3.847832224748921615e+00
-3.781654264170676516e+00
-3.616665785566502311e+00
-3.349250497844632690e+00
-2.980438852909095715e+00
-2.516345116387282754e+00
-1.968240939508896448e+00
-1.352217960468446556e+00
-6.884356878796331625e-01
-5.622089201873052359e-15
-4.326727864543724421e-16
6.810359272115885931e-02
1.324368989285624743e-01
1.894947500972436194e-01
2.362777114165243442e-01
2.704870706226552013e-01
2.906591643451642559e-01
2.962316354745075930e-01
2.875419804551507252e-01
2.657653328627165856e-01
2.328029057376611033e-01
1.911344974455044254e-01
1.436481743706696235e-01
9.345837621587098354e-02
4.372120694758200449e-02
-2.546474290236637201e-03
-4.263868500019268870e-02
-7.431708064238586042e-02
-9.594613377138505594e-02
-1.065985508331638160e-01
-1.061217915601435913e-01
-9.515693222893455150e-02
-7.510334924310684002e-02
-4.802685182553474708e-02
-1.651449974706469676e-02
1.651449974707946619e-02
4.802685182547567627e-02
7.510334924348906205e-02
9.515693222947660401e-02
1.061217915596293360e-01
1.065985508328024384e-01
9.594613376927242643e-02
7.431708064360895150e-02
4.263868499873331441e-02
2.546474290069851779e-03
-4.372120694770709193e-02
-9.345837621434212317e-02
-1.436481743722957671e-01
-1.911344974457268031e-01
-2.328029057362017151e-01
-2.657653328575045326e-01
-2.875419804557900472e-01
-2.962316354921868955e-01
-2.906591643357964716e-01
-2.704870706304385308e-01
-2.362777114154958336e-01
-1.894947500941719654e-01
-1.324368989312831868e-01
-6.810359271871962994e-02
-5.639752432737962399e-16
-7.062196913951178878e-16
1.157470259927989992e-01
2.318246201641727955e-01
3.484394361845724597e-01
4.655570737061556219e-01
5.827982540694814917e-01
6.993544300762548627e-01
8.139284118248255595e-01
9.247049955609365490e-01
1.029355920441110683e+00
1.125082666396632236e+00
1.208699474093091197e+00
1.276757311204050227e+00
1.325707149918788463e+00
1.352097789055497712e+00
1.352799666504280074e+00
1.325242005115951027e+00
1.267646764121755698e+00
1.179239937289507267e+00
1.060419464202650319e+00
9.128600103353113893e-01
7.395384416744438250e-01
5.446699031299494509e-01
3.335524848879542481e-01
1.123276188683333954e-01
-1.123276188684141641e-01
-3.335524848878430593e-01
-5.446699031252376644e-01
-7.395384416725050425e-01
-9.128600103346233841e-01
-1.060419464265889955e+00
-1.179239937255594173e+00
-1.267646764093721679e+00
-1.325242005095769837e+00
-1.352799666540083434e+00
-1.352097789068812839e+00
-1.325707149938038398e+00
-1.276757311203299716e+00
-1.208699474095829229e+00
-1.125082666404568554e+00
-1.029355920397927004e+00
-9.247049955265924659e-01
-8.139284118091337783e-01
-6.993544300634957356e-01
-5.827982540722473903e-01
-4.655570736866764259e-01
-3.484394361951633212e-01
-2.318246201586966759e-01
-1.157470259919303052e-01
-9.271953521754352183e-16
-6.065010470413614990e-15
9.896670796817937932e-01
1.969274317585190115e+00
2.928570384557063200e+00
3.856940893986306573e+00
4.743276076376551131e+00
5.575895784327707716e+00
6.342547885147367559e+00
7.030493177273821281e+00
7.626685986165500530e+00
8.118054434057006219e+00
8.491878135527812788e+00
8.736253792391689643e+00
8.840631285646550097e+00
8.796394792576869293e+00
8.597456101163107434e+00
8.240821296454329925e+00
7.727088345220018084e+00
7.060832667123789541e+00
6.250840896212619846e+00
5.310160289811834744e+00
4.255942077745461738e+00
3.109071002754992374e+00
1.893589166376294930e+00
6.359385318350007088e-01
-6.359385318690771172e-01
-1.893589166359581633e+00
-3.109071002932730199e+00
-4.255942077703792847e+00
-5.310160289565881264e+00
-6.250840896243448519e+00
-7.060832667574693744e+00
-7.727088345309720552e+00
-8.240821294316861056e+00
-8.597456101736627332e+00
-8.796394791851962935e+00
-8.840631285395426531e+00
-8.736253792898578396e+00
-8.491878134566126946e+00
-8.118054434921344154e+00
-7.626685986826694297e+00
-7.030493177261756266e+00
-6.342547883961465516e+00
-5.575895784942118460e+00
-4.743276076541002695e+00
-3.856940893817561111e+00
-2.928570384658941261e+00
-1.969274317753351822e+00
-9.896670795537544363e-01
-7.958567805733555313e-15
-1.381053479937234117e-14
2.251467367960092503e+00
4.470026739937353000e+00
6.623055160264599728e+00
8.678510301253718140e+00
1.060524618202663305e+01
1.237335671506809298e+01
1.395455204721694997e+01
1.532256921273769379e+01
1.645361461709461182e+01
1.732683153472688886e+01
1.792478138709996927e+01
1.823392336164813443e+01
1.824507325083228082e+01
1.795381955298458010e+01
1.736087318479949815e+01
1.647232686394686141e+01
1.529980151220012097e+01
1.386045998327218065e+01
1.217687299680156521e+01
1.027672817910574921e+01
8.192380266233948660e+00
5.960248379518172435e+00
3.620074319477155189e+00
1.214063464430955808e+00
-1.214063464431285766e+00
-3.620074319477394997e+00
-5.960248379525364903e+00
-8.192380266235129938e+00
-1.027672817910530334e+01
-1.217687299678794588e+01
-1.386045998327088746e+01
-1.529980151219639772e+01
-1.647232686394611179e+01
-1.736087318479538055e+01
-1.795381955298104870e+01
-1.824507325083505904e+01
-1.823392336167262329e+01
-1.792478138711978985e+01
-1.732683153472905602e+01
-1.645361461709714135e+01
-1.532256921273763872e+01
-1.395455204721897857e+01
-1.237335671505413970e+01
-1.060524618201447389e+01
-8.678510301252869041e+00
-6.623055160272430797e+00
-4.470026739938269600e+00
-2.251467367959692822e+00
-1.812156635567204225e-14
-1.837824369659604030e-14
2.993579394153060402e+00
5.937300853025978320e+00
8.782171204611486814e+00
1.148090957882672036e+01
1.398876096498546850e+01
1.626426001052860570e+01
1.826993059401867114e+01
1.997290849873130725e+01
2.134547646447162705e+01
2.236550316135248195e+01
2.301677992689889152e+01
2.328925151985191988e+01
2.317913940035578335e+01
2.268895826989195186e+01
2.182742857055653829e+01
2.060928940950037003e+01
1.905501781823135943e+01
1.719046152507887726e+01
1.504639324207937356e+01
1.265799518224324061e+01
1.006428295098536019e+01
7.307478128884921986e+00
4.432339000387913508e+00
1.485458847371514013e+00
-1.485458847373083868e+00
-4.432339000539483820e+00
-7.307478128870933176e+00
-1.006428295097133585e+01
-1.265799518222882725e+01
-1.504639324184820914e+01
-1.719046152600689936e+01
-1.905501781793319083e+01
-2.060928940863517767e+01
-2.182742857020884486e+01
-2.268895826986156550e+01
-2.317913940039996845e+01
-2.328925151895212409e+01
-2.301677992684692242e+01
-2.236550316123254945e+01
-2.134547646413188460e+01
-1.997290849881685659e+01
-1.826993059402681752e+01
-1.626426001045063430e+01
-1.398876096570717031e+01
-1.148090957840381598e+01
-8.782171205086493515e+00
-5.937300852799208606e+00
-2.993579394082704681e+00
-2.411221986877170925e-14
-1.918156381294642480e-14
3.122258813327734472e+00
6.189399991723996131e+00
9.147468260326833800e+00
1.194479632675013114e+01
1.453305890975189740e+01
1.686822395162506893e+01
1.891137490910645269e+01
2.062938428561730930e+01
2.199542553707017234e+01
2.298931771966624638e+01
2.359770428925266472e+01
2.381407389665478647e+01
2.363863650642916170e+01
2.307807243704536404e+01
2.214517481915084218e+01
2.085840743666526009e+01
1.924139999155494962e+01
1.732240164410938732e+01
1.513371141791424179e+01
1.271110097284246265e+01
1.009324161386623153e+01
7.321143512805340592e+00
4.437611258872733444e+00
1.486716288448378442e+00
-1.486716288448697076e+00
-4.437611258871998920e+00
-7.321143512814329846e+00
-1.009324161386222940e+01
-1.271110097284234364e+01
-1.513371141791871821e+01
-1.732240164411575023e+01
-1.924139999155965342e+01
-2.085840743666150132e+01
-2.214517481915535768e+01
-2.307807243706362144e+01
-2.363863650643867231e+01
-2.381407389665961105e+01
-2.359770428945131471e+01
-2.298931771965861159e+01
-2.199542553698010749e+01
-2.062938428560848081e+01
-1.891137490910278274e+01
-1.686822395163504851e+01
-1.453305890975016901e+01
-1.194479632664401691e+01
-9.147468260320124500e+00
-6.189399991724781280e+00
-3.122258813328286031e+00
-2.516302473163012420e-14
-1.806146782126329606e-14
2.938271723136677060e+00
5.823115915662392617e+00
8.602331994134651438e+00
1.122612862843296710e+01
1.364821935651051810e+01
1.582679441422142652e+01
1.772533865391652341e+01
1.931327384547911663e+01
2.056641293063211151e+01
2.146722323286045153e+01
2.200490465326798883e+01
2.217529682505437094e+01
2.198063577439408789e+01
2.142918534259469610e+01
2.053477145619579147e+01
1.931624824161406551e+01
1.779692401776059896e+01
1.600397265966882898e+01
1.396785203808877363e+01
1.172174643686556728e+01
9.301044613446890708e+00
6.742859601455346130e+00
4.085591130547719274e+00
1.368526696554832389e+00
-1.368526696549374533e+00
-4.085591130660381154e+00
-6.742859601419453064e+00
-9.301044613667979633e+00
-1.172174643675944949e+01
-1.396785203773645456e+01
-1.600397266017375131e+01
-1.779692401783012556e+01
-1.931624824193687218e+01
-2.053477145638343870e+01
-2.142918534319115764e+01
-2.198063577496041532e+01
-2.217529682391593582e+01
-2.200490465301349019e+01
-2.146722323316897985e+01
-2.056641293060107856e+01
-1.931327384563962113e+01
-1.772533865376009032e+01
-1.582679441428980915e+01
-1.364821935591124102e+01
-1.122612862811489620e+01
-8.602331994139623461e+00
-5.823115915706734924e+00
-2.938271723089887377e+00
-2.369096040278594298e-14
-1.633624300158867202e-14
2.656364841801027055e+00
5.263621524057482404e+00
7.773840648547627019e+00
1.014140462028379730e+01
1.232405203489644308e+01
1.428379581595591752e+01
1.598768499488869743e+01
1.740838897802176888e+01
1.852459305338496875e+01
1.932120373701450333e+01
1.978937205792916387e+01
1.992635095939051837e+01
1.973520959383726137e+01
1.922443198512100082e+01
1.840742990473414409e+01
1.730200042363191315e+01
1.592975712678139111e+01
1.431556090350916222e+01
1.248697192016096835e+01
1.047373913479784946e+01
8.307337950493669965e+00
6.020560819591226576e+00
3.647159915644258454e+00
1.221536072860784916e+00
-1.221536072790837757e+00
-3.647159915463320967e+00
-6.020560820048308948e+00
-8.307337950289134909e+00
-1.047373913329644246e+01
-1.248697192086435592e+01
-1.431556090537507586e+01
-1.592975712705181834e+01
-1.730200042450323750e+01
-1.840742990306496907e+01
-1.922443198491959748e+01
-1.973520959742553771e+01
-1.992635095838937787e+01
-1.978937206086993683e+01
-1.932120373526212020e+01
-1.852459305179060678e+01
-1.740838897864191281e+01
-1.598768499647002272e+01
-1.428379581767022977e+01
-1.232405203423746798e+01
-1.014140462054622915e+01
-7.773840647763953449e+00
-5.263621523198908747e+00
-2.656364841635963536e+00
-2.142588593853057844e-14
-1.458803358616878959e-14
2.371169488274555093e+00
4.698061575914724841e+00
6.937489254747768008e+00
9.048402516879592739e+00
1.099285015574098168e+01
1.273682094363151229e+01
1.425093575689325220e+01
1.551097093654236758e+01
1.649820285670763198e+01
1.719957321194357291e+01
1.760768371530171095e+01
1.772063661377538324e+01
1.754174374274000670e+01
1.707913102639721004e+01
1.634526765529823678e+01
1.535644936921677228e+01
1.413226366912865295e+01
1.269506165571673151e+01
1.106945686843394050e+01
9.281866215895730576e+00
7.360102563557295419e+00
5.333022820217705906e+00
3.230229836730468929e+00
1.081821753883495330e+00
-1.081821753629017335e+00
-3.230229836462361614e+00
-5.333022820877803660e+00
-7.360102564346787446e+00
-9.281866213115751663e+00
-1.106945686927065609e+01
-1.269506165718145674e+01
-1.413226366810494561e+01
-1.535644936879895539e+01
-1.634526765432488915e+01
-1.707913102593795074e+01
-1.754174374407668324e+01
-1.772063661419505110e+01
-1.760768371695712275e+01
-1.719957321076844536e+01
-1.649820285775751927e+01
-1.551097093915366010e+01
-1.425093575767314213e+01
-1.273682094510735219e+01
-1.099285015584216474e+01
-9.048402517916183996e+00
-6.937489255040485858e+00
-4.698061576122828598e+00
-2.371169487979435164e+00
-1.913138015126570725e-14
-1.301200129512645261e-14
2.114305453183885852e+00
4.188872547728184514e+00
6.184957475482386613e+00
8.065764756712590966e+00
9.797322067805977142e+00
1.134924289967949207e+01
1.269535074357131599e+01
1.381414680390756011e+01
1.468911224705261098e+01
1.530884508692715862e+01
1.566704021088170684e+01
1.576232842911174359e+01
1.559799608070065347e+01
1.518161073394489513e+01
1.452458040061517508e+01
1.364167387213120364e+01
1.255052812496292169e+01
1.127116572111323478e+01
9.825540944145641831e+00
8.237128513773248173e+00
6.530563391862474809e+00
4.731334837378661895e+00
2.865532773767482499e+00
9.596400022428401844e-01
-9.596400022268378738e-01
-2.865532773755461449e+00
-4.731334837400327231e+00
-6.530563392010789947e+00
-8.237128513825634712e+00
-9.825540941372155501e+00
-1.127116572108102055e+01
-1.255052812497869930e+01
-1.364167387149268151e+01
-1.452458040084193946e+01
-1.518161073457865839e+01
-1.559799608115669933e+01
-1.576232842950073021e+01
-1.566704021187794815e+01
-1.530884508703960023e+01
-1.468911224748963917e+01
-1.381414680367401360e+01
-1.269535074362770821e+01
-1.134924289949927712e+01
-9.797322067565040982e+00
-8.065764756481382136e+00
-6.184957475229501789e+00
-4.188872547748557551e+00
-2.114305453242828481e+00
-1.706325963868515068e-14
-1.164561696331038680e-14
1.891762571384220770e+00
3.747809495452923301e+00
5.533328856002107443e+00
7.215278633729113267e+00
8.763180156881453797e+00
1.014980831454844967e+01
1.135175439882564952e+01
1.234984521345858788e+01
1.312941039445483504e+01
1.368039832160765634e+01
1.399734877344426032e+01
1.407923724555771905e+01
1.392921106454890179e+01
1.355424103763641597e+01
1.296471406145425398e+01
1.217399222114384294e+01
1.119796229628444628e+01
1.005459674157822114e+01
8.763543285226171875e+00
7.345755729117828814e+00
5.823173594828162436e+00
4.218453261308623858e+00
2.554748574177590381e+00
8.555346739137813517e-01
-8.555346739932068179e-01
-2.554748574203213884e+00
-4.218453261805561461e+00
-5.823173593691381988e+00
-7.345755728754694402e+00
-8.763543284639338182e+00
-1.005459674257173752e+01
-1.119796229771823803e+01
-1.217399221993900404e+01
-1.296471406068398657e+01
-1.355424103876207553e+01
-1.392921106470733150e+01
-1.407923724283574174e+01
-1.399734877341287387e+01
-1.368039832303436398e+01
-1.312941039718708680e+01
-1.234984521339442409e+01
-1.135175440146119286e+01
-1.014980831434774089e+01
-8.763180157376359247e+00
-7.215278632248706359e+00
-5.533328855799632073e+00
-3.747809495311482664e+00
-1.891762571280573457e+00
-1.527050875461830013e-14
-1.047203433349969926e-14
1.700726373714146256e+00
3.369237948736456989e+00
4.974141590400689594e+00
6.485652998660039970e+00
7.876317130593168514e+00
9.121633864869814090e+00
1.020056689609195111e+01
1.109592087635282631e+01
1.179457966056436113e+01
1.228760611882223408e+01
1.257021126794001376e+01
1.264160655386531751e+01
1.250475803524856033e+01
1.216606430002150319e+01
1.163498167173792552e+01
1.092362011714022607e+01
1.004633185330806455e+01
9.019311943383732100e+00
7.860226539304120408e+00
6.587880221322341079e+00
5.221929269256163408e+00
3.782643201214888062e+00
2.290712499181314588e+00
7.670966458879947547e-01
-7.670966459546586513e-01
-2.290712499338611430e+00
-3.782643201169447522e+00
-5.221929269229950599e+00
-6.587880220843400636e+00
-7.860226538682963060e+00
-9.019311942635509283e+00
-1.004633185313088184e+01
-1.092362011598609328e+01
-1.163498166991528748e+01
-1.216606429875581874e+01
-1.250475803474493297e+01
-1.264160655324990046e+01
-1.257021126808658806e+01
-1.228760611857237350e+01
-1.179457966052108375e+01
-1.109592087502000801e+01
-1.020056689610930789e+01
-9.121633865069881608e+00
-7.876317128854354088e+00
-6.485652997964730382e+00
-4.974141590170127358e+00
-3.369237948457249221e+00
-1.700726373750589104e+00
-1.373090731629969429e-14
-9.460708410768800316e-15
1.536178718620847983e+00
3.043185198489630761e+00
4.492595851323250677e+00
5.857452719352647108e+00
7.112919176795405640e+00
8.236848689058898998e+00
9.210246445267479487e+00
1.001761025495368962e+01
1.064714421358483953e+01
1.109084573963524356e+01
1.134447323201469615e+01
1.140740720403177555e+01
1.128242218192620072e+01
1.097538959633619449e+01
1.049493326864379661e+01
9.852059061286370323e+00
9.059778884310473401e+00
8.132746684186711761e+00
7.086920770080265441e+00
5.939262845764363696e+00
4.707479979021536920e+00
3.409811474678186904e+00
2.064858677450682745e+00
6.914521612753999902e-01
-6.914521612843033127e-01
-2.064858677348366367e+00
-3.409811474766521577e+00
-4.707479979038258655e+00
-5.939262845799404111e+00
-7.086920769828812361e+00
-8.132746684761844591e+00
-9.059778885393846792e+00
-9.852059060666114476e+00
-1.049493326823989925e+01
-1.097538959723900653e+01
-1.128242218179079259e+01
-1.140740720307155165e+01
-1.134447323259588458e+01
-1.109084573968347165e+01
-1.064714421285970758e+01
-1.001761025574576003e+01
-9.210246445109772750e+00
-8.236848689171983651e+00
-7.112919177258146597e+00
-5.857452719244778727e+00
-4.492595851152080044e+00
-3.043185198358860255e+00
-1.536178718588102621e+00
-1.240430493782980334e-14
-8.581749314377340641e-15
1.393224884879002978e+00
2.759937256632130076e+00
4.074308415788178372e+00
5.311848176206696692e+00
6.450003252704799017e+00
7.468675757038497842e+00
8.350643341343198855e+00
9.081868476858835137e+00
9.651691081915233283e+00
1.005290509323837256e+01
1.028172580933422608e+01
1.033765984392925041e+01
1.022329381829450590e+01
9.944020323309189280e+00
9.507721015113220986e+00
8.924426913741070777e+00
8.205974149640420379e+00
7.365671522836440666e+00
6.417992912055630050e+00
5.378304017587523411e+00
4.262629067282107442e+00
3.087459220894835710e+00
1.869600749612942758e+00
6.260578427990258765e-01
-6.260578428110575855e-01
-1.869600749600357714e+00
-3.087459220550657690e+00
-4.262629067488919787e+00
-5.378304017616164501e+00
-6.417992911546628321e+00
-7.365671522943155303e+00
-8.205974149128328676e+00
-8.924426913229293490e+00
-9.507721015471268800e+00
-9.944020323871711753e+00
-1.022329382635465045e+01
-1.033765983448867942e+01
-1.028172580935122049e+01
-1.005290509288738399e+01
-9.651691079914083815e+00
-9.081868477029207298e+00
-8.350643340374745094e+00
-7.468675756784013409e+00
-6.450003248309042370e+00
-5.311848176461494653e+00
-4.074308415830551588e+00
-2.759937256889634760e+00
-1.393224884835109645e+00
-1.125143823437371385e-14
-7.810082391943467364e-15
1.267764443056463186e+00
2.511361175468658224e+00
3.707248498234318124e+00
4.833109933390219659e+00
5.868401611182775923e+00
6.794826143311698985e+00
7.596716020296300442e+00
8.261315129255626388e+00
8.778953071584517431e+00
9.143112975703839851e+00
9.350399131298511080e+00
9.400415524216231944e+00
9.295570029521043054e+00
9.040821517671853158e+00
8.643388175881412394e+00
8.112435366885083710e+00
7.458759984734407489e+00
6.694486216468504836e+00
5.832784675799938867e+00
4.887623571323924665e+00
3.873557014988441516e+00
2.805551996096742329e+00
1.698852197225889205e+00
5.688738244165951752e-01
-5.688738244283529921e-01
-1.698852197023968724e+00
-2.805551996419756389e+00
-3.873557014863011183e+00
-4.887623572117480997e+00
-5.832784675757616277e+00
-6.694486216054459149e+00
-7.458759983684388750e+00
-8.112435365718564384e+00
-8.643388175480014368e+00
-9.040821517785301964e+00
-9.295570030034232545e+00
-9.400415522441747385e+00
-9.350399130194801955e+00
-9.143112974217793010e+00
-8.778953071264538721e+00
-8.261315130578180899e+00
-7.596716020495841271e+00
-6.794826143564056231e+00
-5.868401611488116565e+00
-4.833109933845253003e+00
-3.707248497556125510e+00
-2.511361175823993541e+00
-1.267764443157746168e+00
-1.023937861310191211e-14
-7.125909781448763465e-15
1.156562451606538477e+00
2.291042648982426932e+00
3.381932504945756701e+00
4.408847575016141107e+00
5.353028749911081796e+00
6.197776222967597448e+00
6.928800153482600699e+00
7.534477487228012471e+00
8.006010200956316325e+00
8.337485607245108454e+00
8.525844687546527467e+00
8.570768703900442986e+00
8.474497749392714496e+00
8.241597179913673799e+00
7.878688859012869194e+00
7.394164053106924150e+00
6.797893560845246874e+00
6.100948835187656627e+00
5.315344994033383230e+00
4.453813763190584751e+00
3.529610792844073419e+00
2.556358942868892647e+00
1.547925557594994617e+00
5.183294285113853039e-01
-5.183294283449629836e-01
-1.547925557817619868e+00
-2.556358942148831304e+00
-3.529610796374904602e+00
-4.453813759227234215e+00
-5.315344997278346639e+00
-6.100948832857763904e+00
-6.797893564172010628e+00
-7.394164052322675929e+00
-7.878688858389346628e+00
-8.241597180935674061e+00
-8.474497748156160526e+00
-8.570768713034302877e+00
-8.525844690640980161e+00
-8.337485602362052717e+00
-8.006010178696506330e+00
-7.534477488200915118e+00
-6.928800151072010749e+00
-6.197776227367474355e+00
-5.353028744944664297e+00
-4.408847573369489403e+00
-3.381932504806884232e+00
-2.291042647966709644e+00
-1.156562452001796970e+00
-9.342131375799217030e-15
-6.513994416964386679e-15
1.057130505347636973e+00
2.094048558428587725e+00
3.091069086911085506e+00
4.029538988845702718e+00
4.892297644262532330e+00
5.664074962975790939e+00
6.331812588824744736e+00
6.884898662748013543e+00
7.315311752244452848e+00
7.617674657515616232e+00
7.789223665920315121e+00
7.829702703507529726e+00
7.741195190311427332e+00
7.527908184401240987e+00
7.195924520297776183e+00
6.752938454634048959e+00
6.207989212698445947e+00
5.571204982870168188e+00
4.853567492881874834e+00
4.066704379132145775e+00
3.222713561500938351e+00
2.334020845455847759e+00
1.413269075743196712e+00
4.732346768393719816e-01
-4.732346768376906598e-01
-1.413269075865916991e+00
-2.334020845275476042e+00
-3.222713561727984732e+00
-4.066704379373675238e+00
-4.853567493220512397e+00
-5.571204981250781785e+00
-6.207989212119689348e+00
-6.752938455614755142e+00
-7.195924519987382695e+00
-7.527908184504802591e+00
-7.741195191775541495e+00
-7.829702703713589784e+00
-7.789223665521835649e+00
-7.617674658329672610e+00
-7.315311752075262852e+00
-6.884898663685634190e+00
-6.331812589381324408e+00
-5.664074963066530799e+00
-4.892297644464939310e+00
-4.029538988899350471e+00
-3.091069086914397968e+00
-2.094048558155336082e+00
-1.057130505318021996e+00
-8.539692375673974453e-15
-5.962704898604656070e-15
9.675697924947432860e-01
1.916615094617749371e+00
2.829096325634087528e+00
3.687922680581547041e+00
4.477375299325633051e+00
5.183472755239876051e+00
5.794265651459604705e+00
6.300051473260942281e+00
6.693505691387027667e+00
6.969729901851131615e+00
7.126222065246080817e+00
7.162777799166857307e+00
7.081334482823865351e+00
6.885771655382443512e+00
6.581682326778500070e+00
6.176129382940635182e+00
5.677400449119719639e+00
5.094772691499731110e+00
4.438296887286433900e+00
3.718607370604628759e+00
2.946761688331322571e+00
2.134111019844377566e+00
1.292199812900197697e+00
4.326907556649576825e-01
-4.326907554225196129e-01
-1.292199812673428871e+00
-2.134111017487033024e+00
-2.946761689298612819e+00
-3.718607370722879946e+00
-4.438296886659759188e+00
-5.094772690793623049e+00
-5.677400450696725720e+00
-6.176129385090910695e+00
-6.581682327048877568e+00
-6.885771654522449658e+00
-7.081334478534145660e+00
-7.162777800609815948e+00
-7.126222062995939410e+00
-6.969729905756008037e+00
-6.693505696497161317e+00
-6.300051473064333329e+00
-5.794265654302763302e+00
-5.183472757256482488e+00
-4.477375301144358666e+00
-3.687922682278024666e+00
-2.829096324240975235e+00
-1.916615093583621698e+00
-9.675697928500296419e-01
-7.816792471464002883e-15
-5.463140875103629997e-15
8.864278163203065386e-01
1.755863378800711194e+00
2.591760611016587834e+00
3.378446351571418482e+00
4.101509478401363928e+00
4.748136783133237948e+00
5.307383346021826043e+00
5.770369377708368219e+00
6.130399723883661167e+00
6.383006985353234519e+00
6.525922876064971234e+00
6.558986176812839020e+00
6.483998104563870157e+00
6.304537806066299765e+00
6.025751206791442272e+00
5.654126436924276078e+00
5.197268219009042234e+00
4.663681615644494904e+00
4.062573902924752289e+00
3.403680396245571504e+00
2.697117943936234497e+00
1.953266881195017346e+00
1.182680015044812016e+00
3.960150342746073249e-01
-3.960150346176471436e-01
-1.182680013248167405e+00
-1.953266881999328408e+00
-2.697117942774437616e+00
-3.403680397236109823e+00
-4.062573906042231009e+00
-4.663681613499607082e+00
-5.197268220069636513e+00
-5.654126439636725010e+00
-6.025751207067995274e+00
-6.304537805984457677e+00
-6.483998096960096547e+00
-6.558986172153828065e+00
-6.525922876128837480e+00
-6.383006981094029975e+00
-6.130399715608843891e+00
-5.770369372094916294e+00
-5.307383347565999721e+00
-4.748136782400130151e+00
-4.101509477328950659e+00
-3.378446351252410107e+00
-2.591760612792411766e+00
-1.755863379253520540e+00
-8.864278170506242338e-01
-7.161748541988035518e-15
-5.008424660265007753e-15
8.125825170603053760e-01
1.609569605022304950e+00
2.375776554484426040e+00
3.096822132880252543e+00
3.759486577091688542e+00
4.352020359447972275e+00
4.864392549326645998e+00
5.288471104048888094e+00
5.618132051603845767e+00
5.849298000928798480e+00
5.979910696789731084e+00
6.009845223474060916e+00
5.940775867977231783e+00
5.776005467026073426e+00
5.520270395144541098e+00
5.179533580068753196e+00
4.760776690405036149e+00
4.271801331702132387e+00
3.721047077952711835e+00
3.117431814513206501e+00
2.470217796412998990e+00
1.788904035140893356e+00
1.083143645045682613e+00
3.626829291594291793e-01
-3.626829295633299810e-01
-1.083143645366996477e+00
-1.788904035763074107e+00
-2.470217796798235721e+00
-3.117431815510652182e+00
-3.721047075376367363e+00
-4.271801341991783296e+00
-4.760776685481737047e+00
-5.179533573546537539e+00
-5.520270395163530353e+00
-5.776005465125725102e+00
-5.940775868498940682e+00
-6.009845233234423212e+00
-5.979910698626823340e+00
-5.849297990904258171e+00
-5.618132049411271645e+00
-5.288471112251762030e+00
-4.864392545982103577e+00
-4.352020359343142353e+00
-3.759486577783432093e+00
-3.096822128141899277e+00
-2.375776552792601137e+00
-1.609569603883656441e+00
-8.125825176820563600e-01
-6.565533153773512431e-15
-4.593158759649205487e-15
7.451536018725875010e-01
1.475989199602852908e+00
2.178566965225310792e+00
2.839686804800373388e+00
3.447217784297350374e+00
3.990382103044206374e+00
4.459983171733848728e+00
4.848570986754844547e+00
5.150541700632237152e+00
5.362172206130301433e+00
5.481593818640572380e+00
5.508712303517408593e+00
5.445083534401694791e+00
5.293755602378870329e+00
5.059088808987866059e+00
4.746564750297637580e+00
4.362594950075140865e+00
3.914338007401664044e+00
3.409532458195625448e+00
2.856350455432047575e+00
2.263275184394573092e+00
1.639002696995129904e+00
9.923668936398420959e-01
3.322845074768582263e-01
-3.322845074908620244e-01
-9.923668933715449336e-01
-1.639002696889196864e+00
-2.263275183353451681e+00
-2.856350453878661710e+00
-3.409532456380390375e+00
-3.914338007421593435e+00
-4.362594951748573813e+00
-4.746564750333436500e+00
-5.059088809491135486e+00
-5.293755602980944275e+00
-5.445083534792018121e+00
-5.508712303143368239e+00
-5.481593818434210341e+00
-5.362172204459960234e+00
-5.150541702733009153e+00
-4.848570984050394550e+00
-4.459983172908912330e+00
-3.990382102245238816e+00
-3.447217782725521484e+00
-2.839686804973605927e+00
-2.178566966457252896e+00
-1.475989200156119896e+00
-7.451536019207167794e-01
-6.021062236963808931e-15
-4.213023576915834813e-15
6.834368130980853495e-01
1.353726512943992821e+00
1.998070223107720311e+00
2.604350167103501423e+00
3.161432860968339753e+00
3.659430252774096282e+00
4.089909275143387646e+00
4.446043470303894907e+00
4.722703918234037346e+00
4.916490155080594171e+00
5.025705127000870576e+00
5.050280607756803875e+00
4.991661959522036618e+00
4.852662097259163865e+00
4.637295284840693199e+00
4.350601098858454918e+00
3.998468188687185343e+00
3.587466084221537788e+00
3.124691700230020963e+00
2.617635167901443349e+00
2.074067650394073148e+00
1.501951811950245075e+00
9.093736489458211780e-01
3.044928145970809408e-01
-3.044928146047147788e-01
-9.093736476440117400e-01
-1.501951812042837897e+00
-2.074067651796396738e+00
-2.617635166817763981e+00
-3.124691701013548428e+00
-3.587466084389599352e+00
-3.998468189407069939e+00
-4.350601100712244929e+00
-4.637295285664806421e+00
-4.852662100132304701e+00
-4.991661961978872242e+00
-5.050280612669938662e+00
-5.025705128070686811e+00
-4.916490156040373094e+00
-4.722703910747281242e+00
-4.446043469106215618e+00
-4.089909274162795150e+00
-3.659430249128424073e+00
-3.161432858974729143e+00
-2.604350166792207322e+00
-1.998070222508961935e+00
-1.353726514077697507e+00
-6.834368127911553126e-01
-5.522666880444419025e-15
-3.864484961786450391e-15
6.268561669735001063e-01
1.241640124742425577e+00
1.832600319807709655e+00
2.388612303501773670e+00
2.899457750069425632e+00
3.356064619688801542e+00
3.750699682292958137e+00
4.077107534363645591e+00
4.330593604566127297e+00
4.508051890832527775e+00
4.607941005432393489e+00
4.630214780514707584e+00
4.576215435900658157e+00
4.448538545664957766e+00
4.250879587480568489e+00
3.987871660008915686e+00
3.664923173380860266e+00
3.288063189267340647e+00
2.863800404162664570e+00
2.399000166376203946e+00
1.900781806623305092e+00
1.376436939988585628e+00
8.333675497959139866e-01
2.790411131698780078e-01
-2.790411131272269585e-01
-8.333675499560271316e-01
-1.376436941065178665e+00
-1.900781806967080101e+00
-2.399000167982213050e+00
-2.863800406022720235e+00
-3.288063186366104951e+00
-3.664923172194291201e+00
-3.987871658462699198e+00
-4.250879580166376570e+00
-4.448538544776832637e+00
-4.576215437046937673e+00
-4.630214783152609925e+00
-4.607940998667173105e+00
-4.508051889694641545e+00
-4.330593601362863865e+00
-4.077107537442811847e+00
-3.750699684299208414e+00
-3.356064620808012933e+00
-2.899457748491874209e+00
-2.388612303910448542e+00
-1.832600319677657907e+00
-1.241640124080894969e+00
-6.268561663575240583e-01
-5.065709365751187420e-15
-3.544584524032563544e-15
5.749296969655248724e-01
1.138774951057788476e+00
1.680746546553659737e+00
2.190632596720337943e+00
2.659055288099269720e+00
3.077691739365501444e+00
3.439450852112957868e+00
3.738600758322083273e+00
3.970844614087389868e+00
4.133345423485809356e+00
4.224703238077858636e+00
4.244890549040622574e+00
4.195153325799312327e+00
4.077886148250385645e+00
3.896490607036547260e+00
3.655225672442513840e+00
3.359058287523697395e+00
3.013521098572213841e+00
2.624583030881928014e+00
2.198536449400599668e+00
1.741903279357293055e+00
1.261360452387501496e+00
7.636836245671577705e-01
2.557066750071669836e-01
-2.557066752541709009e-01
-7.636836240268456422e-01
-1.261360453060465625e+00
-1.741903281069446807e+00
-2.198536449134171900e+00
-2.624583029621924357e+00
-3.013521097622188893e+00
-3.359058282856014710e+00
-3.655225672362219846e+00
-3.896490609234116054e+00
-4.077886148037862313e+00
-4.195153328506456170e+00
-4.244890552695191666e+00
-4.224703235410837365e+00
-4.133345425337489942e+00
-3.970844614205045531e+00
-3.738600757231687943e+00
-3.439450848353978962e+00
-3.077691739754871758e+00
-2.659055286286810649e+00
-2.190632595791009329e+00
-1.680746545817565440e+00
-1.138774950914154926e+00
-5.749296971825476055e-01
-4.646307870949954929e-15
-3.250790829210874790e-15
5.272451597476909280e-01
1.044314087348570341e+00
1.541302329564956608e+00
2.008836843280393580e+00
2.438312232520504885e+00
2.822093805605892847e+00
3.153680008786315270e+00
3.427819257163556621e+00
3.640579147382282166e+00
3.789368613685287102e+00
3.872916317678198883e+00
3.891210502041817065e+00
3.845407323337170613e+00
3.737715466676585052e+00
3.571265434148812368e+00
3.349971712720154482e+00
3.078395169106325380e+00
2.761612298573343338e+00
2.405096350544776662e+00
2.014613924701965875e+00
1.596139055027044673e+00
1.155785204702888702e+00
6.997541389628179065e-01
2.342993471548089346e-01
-2.342993472003822852e-01
-6.997541393746852245e-01
-1.155785204497620455e+00
-1.596139055425049857e+00
-2.014613923934584605e+00
-2.405096352501736146e+00
-2.761612298974589041e+00
-3.078395169437990297e+00
-3.349971714428543468e+00
-3.571265434757052937e+00
-3.737715461182328891e+00
-3.845407323283021039e+00
-3.891210504793620295e+00
-3.872916318977902783e+00
-3.789368615798462070e+00
-3.640579149120346969e+00
-3.427819256601285502e+00
-3.153680007968979293e+00
-2.822093807586571579e+00
-2.438312229252798780e+00
-2.008836842976573944e+00
-1.541302328452730963e+00
-1.044314088064837165e+00
-5.272451606110651889e-01
-4.261141104337318435e-15
-2.980894598104726342e-15
4.834429097397465735e-01
9.575448751577432249e-01
1.413215093219558849e+00
1.841851824320763331e+00
2.235559699224915153e+00
2.587336388832910838e+00
2.891221766875510024e+00
3.142405006398968581e+00
3.337287726215454775e+00
3.473503817506027325e+00
3.549898918352437427e+00
3.566474500808909376e+00
3.524302965511489916e+00
3.425421026203790298e+00
3.272709168267443403e+00
3.069764557573654074e+00
2.820774504446204034e+00
2.530396191043739584e+00
2.203647599123514045e+00
1.845812707612877412e+00
1.462362907483560681e+00
1.058894981889712428e+00
6.410846418831739335e-01
2.146535229762637498e-01
-2.146535229362758757e-01
-6.410846416887427957e-01
-1.058894980179905243e+00
-1.462362908469917677e+00
-1.845812708716595640e+00
-2.203647602134413575e+00
-2.530396194584965563e+00
-2.820774501745463070e+00
-3.069764554496595466e+00
-3.272709163936234233e+00
-3.425421030992543692e+00
-3.524302963486344975e+00
-3.566474502543585334e+00
-3.549898925529273885e+00
-3.473503818241068242e+00
-3.337287732578798405e+00
-3.142405005520670258e+00
-2.891221765693458234e+00
-2.587336387889242140e+00
-2.235559697280813829e+00
-1.841851824851531649e+00
-1.413215092448548926e+00
-9.575448756861941746e-01
-4.834429098231108335e-01
-3.907310706941676055e-15
