0.000000000000000000e+00
-2.522165020162491423e-17
1.600026345208043901e-17
-9.453342730129331278e-17
9.034687420757885930e-34
1.210525174113489505e-16
6.508270354375416106e-17
-6.088696069976918011e-17
-8.314777828525398517e-17
-4.092436053315522841e-16
5.555961618594713681e-17
5.985817747769833096e-17
5.616700761282258344e-17
2.140108618957737085e-16
8.058059738102816274e-17
-1.583519459345590468e-16
6.733170360468412044e-16
4.151396162787205491e-16
-4.040292962665349150e-17
1.793463343346584814e-16
4.396579165467859222e-33
1.027267866804234582e-16
1.047569963498580304e-16
3.338577193879138818e-16
3.550747324228125292e-18
-1.103713778070128982e-16
-1.746642058866856917e-16
-2.684599255199187486e-33
3.081803600412688093e-16
-4.396579165467260523e-33
-1.936640720668144941e-16
-1.457189907665281432e-16
3.552666182085656823e-16
-6.733170360465009095e-16
-4.756020840438952547e-16
6.047193933664864985e-16
-5.167083739705876164e-33
-2.518600239985451827e-16
-7.489047753787229788e-16
-5.750451802757895454e-16
9.327383463137691967e-17
1.903929370310933984e-16
-1.601948115733850649e-16
-1.636142958418564892e-33
-6.357632515917983994e-17
-1.394672063163310353e-16
5.641105947177043452e-18
-1.600026345209278345e-17
1.527519053542026392e-17
-1.732582834947868679e-32
0.000000000000000000e+00
-9.386498849913045561e-02
-1.879945593913119328e-01
-2.825530965076765710e-01
-3.775100578235470183e-01
-4.725560032188257931e-01
-5.670343231745798018e-01
-6.598931855879847097e-01
-7.496617413902201266e-01
-8.344540968996608798e-01
-9.120039102848890300e-01
-9.797315493771714401e-01
-1.034844410277437454e+00
-1.074469080875800175e+00
-1.095811493119470015e+00
-1.096338139993440208e+00
-1.073968103322847201e+00
-1.027262505277660720e+00
-9.555956183266943738e-01
-8.592908408682372601e-01
-7.397055445805839069e-01
-5.992516957192626226e-01
-4.413440793831555076e-01
-2.702744955699285523e-01
-9.101771381246608061e-02
9.101771380607784345e-02
2.702744955683267225e-01
4.413440793683637287e-01
5.992516957133764421e-01
7.397055445204299140e-01
8.592908409465779274e-01
9.555956183579527030e-01
1.027262505212253041e+00
1.073968103393161178e+00
1.096338140042822706e+00
1.095811493151367833e+00
1.074469080903361462e+00
1.034844410189624808e+00
9.797315493434389788e-01
9.120039102863901626e-01
8.344540968951993376e-01
7.496617413893166271e-01
6.598931856224954373e-01
5.670343231768035785e-01
4.725560032364703456e-01
3.775100578260836004e-01
2.825530965073916878e-01
1.879945593903876444e-01
9.386498850133341565e-02
1.792012236699319341e-16
0.000000000000000000e+00
-3.643947552040415760e-01
-7.265719169148802115e-01
-1.084146538369890722e+00
-1.434409557368237387e+00
-1.774192146920503310e+00
-2.099761511534764757e+00
-2.406758045552815695e+00
-2.690183000130621060e+00
-2.944444463727750705e+00
-3.163467378191002766e+00
-3.340870296731327738e+00
-3.470207556388672288e+00
-3.545270547481980117e+00
-3.560436009184086092e+00
-3.511043294595999065e+00
-3.393776886164283635e+00
-3.207025984454131340e+00
-2.951190512611828076e+00
-2.628903132260724806e+00
-2.245140319225685577e+00
-1.807202299618022812e+00
-1.324551328845062548e+00
-8.085095693665865779e-01
-2.718304654995878367e-01
2.718304655196056019e-01
8.085095694401286393e-01
1.324551328846195197e+00
1.807202299620315866e+00
2.245140319192189260e+00
2.628903132262253362e+00
2.951190512615233352e+00
3.207025984453936829e+00
3.393776886168453188e+00
3.511043294651316593e+00
3.560436009234260624e+00
3.545270547421242480e+00
3.470207556706787599e+00
3.340870296450961341e+00
3.163467378166179511e+00
2.944444463681467283e+00
2.690183000089063636e+00
2.406758045587507056e+00
2.099761511532554525e+00
1.774192146922658031e+00
1.434409557221549170e+00
1.084146538352454670e+00
7.265719169089452922e-01
3.643947551661117501e-01
6.967271238576140464e-16
0.000000000000000000e+00
-8.029213709634469565e-01
-1.597567282728690419e+00
-2.375514917802405090e+00
-3.128062567792145643e+00
-3.846129090233382009e+00
-4.520198978241467991e+00
-5.140325288739498788e+00
-5.696201298089477838e+00
-6.177307610222442236e+00
-6.573138115274447912e+00
-6.873502441129740959e+00
-7.068897737345991139e+00
-7.150935325721619051e+00
-7.112801985883431044e+00
-6.949729853559083459e+00
-6.659444146237514239e+00
-6.242554856258144547e+00
-5.702858773232230227e+00
-5.047520484340658697e+00
-4.287106810874687923e+00
-3.435457830496321474e+00
-2.509388610172172740e+00
-1.528228284685372751e+00
-5.132158868933330842e-01
5.132158869368015353e-01
1.528228284634530976e+00
2.509388609957568850e+00
3.435457830714268468e+00
4.287106810704928606e+00
5.047520484017845810e+00
5.702858773314456009e+00
6.242554855690183757e+00
6.659444146516740659e+00
6.949729853962009152e+00
7.112801985047778608e+00
7.150935344761788492e+00
7.068897756324754589e+00
6.873502441311398314e+00
6.573138114829853329e+00
6.177307627541411605e+00
5.696201298811131686e+00
5.140325288279086635e+00
4.520198965634527610e+00
3.846129100558096425e+00
3.128062567814022366e+00
2.375514924325128785e+00
1.597567282743520556e+00
8.029213709112048569e-01
1.536288376567005193e-15
0.000000000000000000e+00
-1.313710652968023584e+00
-2.610199545709209090e+00
-3.872262561086055488e+00
-5.082745210532729985e+00
-6.224602383066506484e+00
-7.280997943273745499e+00
-8.235453500031139740e+00
-9.072052156293866076e+00
-9.775700607035650691e+00
-1.033244623272106644e+01
-1.072984299603009184e+01
-1.095735374530463879e+01
-1.100677211042945203e+01
-1.087264283632724826e+01
-1.055265611265809866e+01
-1.004798938730413482e+01
-9.363570030545735889e+00
-8.508233910708707270e+00
-7.494758642162436146e+00
-6.339756291662289378e+00
-5.063417434422083474e+00
-3.689107429502568980e+00
-2.242825215881847356e+00
-7.525432709440846857e-01
7.525432709436677969e-01
2.242825215947811035e+00
3.689107429482061828e+00
5.063417434213101309e+00
6.339756292307430208e+00
7.494758642205286314e+00
8.508233910188447879e+00
9.363570030178168579e+00
1.004798938769735983e+01
1.055265611239710566e+01
1.087264283750267246e+01
1.100677210932888883e+01
1.095735374477042434e+01
1.072984299574466505e+01
1.033244623247836458e+01
9.775700607633298844e+00
9.072052158044281001e+00
8.235453498357417246e+00
7.280997943162138775e+00
6.224602383256016225e+00
5.082745210542458203e+00
3.872262561173187123e+00
2.610199545714226410e+00
1.313710652987520211e+00
2.514807717721169729e-15
0.000000000000000000e+00
-1.760244414796393375e+00
-3.493965673723844922e+00
-5.174925143861665688e+00
-6.777457774215009501e+00
-8.276769626541362612e+00
-9.649246716550253566e+00
-1.087277633292665868e+01
-1.192708001614159130e+01
-1.279405502893827240e+01
-1.345811869958001772e+01
-1.390654758183570827e+01
-1.412980110259079325e+01
-1.412181750842080064e+01
-1.388026861326436467e+01
-1.340675923934837499e+01
-1.270695749410335118e+01
-1.179064319401322081e+01
-1.067166384903468135e+01
-9.367790632283956143e+00
-7.900470506614206023e+00
-6.294475033443503342e+00
-4.577451060468761490e+00
-2.779383164982463406e+00
-9.319821676164010693e-01
9.319821676196725635e-01
2.779383165064473360e+00
4.577451060489504897e+00
6.294475033571218958e+00
7.900470506661073422e+00
9.367790632148485841e+00
1.067166384928644618e+01
1.179064319327416399e+01
1.270695749466439040e+01
1.340675923864668029e+01
1.388026861251544197e+01
1.412181750832412241e+01
1.412980110276083145e+01
1.390654758173110750e+01
1.345811869921923254e+01
1.279405502858029564e+01
1.192708001655780592e+01
1.087277633317739323e+01
9.649246716722307937e+00
8.276769626843675454e+00
6.777457774060649420e+00
5.174925144173277758e+00
3.493965673399307637e+00
1.760244414899845733e+00
3.370711963599973389e-15
0.000000000000000000e+00
-2.047671689549439122e+00
-4.061693445861165763e+00
-6.008969646024255873e+00
-7.857504069283956838e+00
-9.576926712625963845e+00
-1.113899358339463497e+01
-1.251805119308528447e+01
-1.369145807309245733e+01
-1.463995637756202761e+01
-1.534798747852535428e+01
-1.580394641482261520e+01
-1.600037107974381101e+01
-1.593406313475679248e+01
-1.560613876522537247e+01
-1.502200855941706870e+01
-1.419128696212440666e+01
-1.312763289647274867e+01
-1.184852427246566364e+01
-1.037497016396299720e+01
-8.731165434726445795e+00
-6.944093512731297047e+00
-5.043083831084553381e+00
-3.059331170762700225e+00
-1.025384735509137224e+00
1.025384735509001777e+00
3.059331170762717544e+00
5.043083831083496449e+00
6.944093512683283009e+00
8.731165434725749463e+00
1.037497016396233107e+01
1.184852427246748263e+01
1.312763289647550025e+01
1.419128696212404783e+01
1.502200855941467772e+01
1.560613876523282073e+01
1.593406313489719750e+01
1.600037107974439721e+01
1.580394641467072958e+01
1.534798747866403801e+01
1.463995637743379952e+01
1.369145807329037723e+01
1.251805119308107450e+01
1.113899358349795854e+01
9.576926712627741978e+00
7.857504069360288668e+00
6.008969645970446471e+00
4.061693445933884483e+00
2.047671689549105611e+00
3.922014189242960993e-15
0.000000000000000000e+00
-2.154217641652590665e+00
-4.271001306132487407e+00
-6.313668736458189379e+00
-8.247019481241961714e+00
-1.003802272374558768e+01
-1.165644418721784170e+01
-1.307539622893991016e+01
-1.427179863859855935e+01
-1.522674149159796286e+01
-1.592574542372135937e+01
-1.635891865994480909e+01
-1.652101381271079816e+01
-1.641139071184171527e+01
-1.603389412316238705e+01
-1.539665713573986672e+01
-1.451184212365009429e+01
-1.339533159457184297e+01
-1.206638090647505734e+01
-1.054724391042862486e+01
-8.862781167128215287e+00
-7.040058618062121631e+00
-5.107942650010313557e+00
-3.096695525618782252e+00
-1.037573292730733066e+00
1.037573292730730401e+00
3.096695525629769463e+00
5.107942650042467392e+00
7.040058617907448912e+00
8.862781167294278006e+00
1.054724391056042698e+01
1.206638090646977446e+01
1.339533159462564527e+01
1.451184212341459379e+01
1.539665713573615413e+01
1.603389412331844355e+01
1.641139071145139638e+01
1.652101381291472038e+01
1.635891865995564842e+01
1.592574542363499468e+01
1.522674149107246322e+01
1.427179863878522070e+01
1.307539622873743212e+01
1.165644418709729990e+01
1.003802272379239824e+01
8.247019481306244515e+00
6.313668736501705681e+00
4.271001306144454723e+00
2.154217641667007577e+00
4.126745453840403937e-15
0.000000000000000000e+00
-2.110217616789168638e+00
-4.182402248317100835e+00
-6.179373098741331560e+00
-8.065623907439821494e+00
-9.808087283331227368e+00
-1.137681607112805615e+01
-1.274556132035832867e+01
-1.389223190743035197e+01
-1.479922692110176818e+01
-1.545363813301788802e+01
-1.584732581740746937e+01
-1.597687651270580034e+01
-1.584345571760986715e+01
-1.545257177923276792e+01
-1.481376925599612271e+01
-1.394027078782235840e+01
-1.284858606077419374e+01
-1.155810494016191292e+01
-1.009068946542582168e+01
-8.470276379732501582e+00
-6.722498466725428834e+00
-4.874329388437558030e+00
-2.953753303768405392e+00
-9.894573724753323862e-01
9.894573724749884391e-01
2.953753303727511437e+00
4.874329388406545505e+00
6.722498466732163891e+00
8.470276379853128645e+00
1.009068946492913987e+01
1.155810494016155232e+01
1.284858606068041809e+01
1.394027078799795660e+01
1.481376925600272543e+01
1.545257177937732784e+01
1.584345571773387285e+01
1.597687651269030340e+01
1.584732581747372571e+01
1.545363813292293109e+01
1.479922692120525873e+01
1.389223190732010771e+01
1.274556132043050383e+01
1.137681607129602313e+01
9.808087283445042104e+00
8.065623907439556817e+00
6.179373098578882839e+00
4.182402248327629302e+00
2.110217616821203457e+00
4.042898027219357450e-15
0.000000000000000000e+00
-1.964664810171827369e+00
-3.893062071081846209e+00
-5.749791491713764913e+00
-7.501153836004790243e+00
-9.115919832780189580e+00
-1.056600664425509706e+01
-1.182703981545285465e+01
-1.287878516240378168e+01
-1.370544223494387914e+01
-1.429579828703973554e+01
-1.464324851409293160e+01
-1.474569436005913659e+01
-1.460533644664769426e+01
-1.422838216375660814e+01
-1.362468975908307911e+01
-1.280737113981937547e+01
-1.179237461071475579e+01
-1.059806652236237312e+01
-9.244827629081415310e+00
-7.754676169841739686e+00
-6.150925449694086389e+00
-4.457879524513845837e+00
-2.700566376506822408e+00
-9.045044851768991867e-01
9.045044852652888157e-01
2.700566376607296704e+00
4.457879524223316459e+00
6.150925449390300059e+00
7.754676167641961548e+00
9.244827628865873947e+00
1.059806652232385282e+01
1.179237461149429222e+01
1.280737113913576231e+01
1.362468975869887444e+01
1.422838216445539672e+01
1.460533644624467087e+01
1.474569435932239081e+01
1.464324851502410851e+01
1.429579828677825759e+01
1.370544223485510926e+01
1.287878516225193870e+01
1.182703981148370964e+01
1.056600664286187374e+01
9.115919833302083219e+00
7.501153834433836209e+00
5.749791491686947253e+00
3.893062072232149617e+00
1.964664810753959934e+00
3.764315982371703541e-15
0.000000000000000000e+00
-1.763206481588267982e+00
-3.493354902700778197e+00
-5.158209527649852078e+00
-6.727145832694534811e+00
-8.171874627004745761e+00
-9.467074119057746984e+00
-1.059090827494340736e+01
-1.152541658525497859e+01
-1.225676772913297619e+01
-1.277537704134762819e+01
-1.307589462603255370e+01
-1.315707696703934815e+01
-1.302155961662538530e+01
-1.267555178381201664e+01
-1.212847530372339655e+01
-1.139257058459821970e+01
-1.048249083798361880e+01
-9.414903417257820095e+00
-8.208113690098899795e+00
-6.881722848118555724e+00
-5.456326712351379449e+00
-3.953258213240779639e+00
-2.394372067722305264e+00
-8.018664690125478778e-01
8.018664690125844041e-01
2.394372067722407849e+00
3.953258213240341323e+00
5.456326712351730279e+00
6.881722848118936753e+00
8.208113690100999449e+00
9.414903417258805973e+00
1.048249083798175718e+01
1.139257058459828187e+01
1.212847530372261673e+01
1.267555178381521408e+01
1.302155961662765726e+01
1.315707696704047258e+01
1.307589462603019825e+01
1.277537704134794083e+01
1.225676772913479518e+01
1.152541658525637480e+01
1.059090827494303078e+01
9.467074119057954817e+00
8.171874627004877212e+00
6.727145832695551775e+00
5.158209527649087356e+00
3.493354902700705367e+00
1.763206481588426078e+00
3.378484979254075922e-15
0.000000000000000000e+00
-1.539823349187851687e+00
-3.050493227095790960e+00
-4.503598603284104662e+00
-5.872182273739528391e+00
-7.131392131565117865e+00
-8.259047080808711527e+00
-9.236097677046791077e+00
-1.004696795493821782e+01
-1.067977184860238715e+01
-1.112640456380460208e+01
-1.138251575104839475e+01
-1.144737692084947156e+01
-1.132365990404343314e+01
-1.101714612293826789e+01
-1.053638789140375565e+01
-9.892342967713675606e+00
-9.098002278854995239e+00
-8.168028308658035641e+00
-7.118418376726108221e+00
-5.966203192796609045e+00
-4.729186938934221374e+00
-3.425730982216949716e+00
-2.074579385836378354e+00
-6.947208877141634042e-01
6.947208877251908055e-01
2.074579385823486888e+00
3.425730982235108968e+00
4.729186939028380721e+00
5.966203192700377578e+00
7.118418376777673195e+00
8.168028308684805339e+00
9.098002278785877195e+00
9.892342967549994981e+00
1.053638789141596632e+01
1.101714612302493457e+01
1.132365990404348821e+01
1.144737692080213165e+01
1.138251575124721882e+01
1.112640456361846475e+01
1.067977184855060813e+01
1.004696795498184692e+01
9.236097676936310563e+00
8.259047080983899392e+00
7.131392131488847319e+00
5.872182273814891218e+00
4.503598603254763688e+00
3.050493227123181939e+00
1.539823349203269798e+00
2.950551772548517576e-15
0.000000000000000000e+00
-1.316511542773124432e+00
-2.607953881084837278e+00
-3.849904584408628594e+00
-5.019207349655554040e+00
-6.094538287621930728e+00
-7.056896880112978998e+00
-7.890004076786307330e+00
-8.580595657578690805e+00
-9.118605146434921593e+00
-9.497236737765955894e+00
-9.712934450503029282e+00
-9.765258685369529346e+00
-9.656685221525910023e+00
-9.392344325436669195e+00
-8.979718906612827567e+00
-8.428320661969172178e+00
-7.749361963705380774e+00
-6.955439072163692060e+00
-6.060239312975409298e+00
-5.078281419413148257e+00
-4.024694506758931922e+00
-2.915037413744031358e+00
-1.765156596167590131e+00
-5.910775866150969060e-01
5.910775866096715792e-01
1.765156596213907747e+00
2.915037413849992376e+00
4.024694506690702944e+00
5.078281419505032979e+00
6.060239312750621110e+00
6.955439071967014719e+00
7.749361963867260172e+00
8.428320662030529320e+00
8.979718906491783059e+00
9.392344325655901827e+00
9.656685221525847851e+00
9.765258685230444158e+00
9.712934450794765695e+00
9.497236737458131017e+00
9.118605146332876998e+00
8.580595657719749525e+00
7.890004076555976908e+00
7.056896879851138671e+00
6.094538287470961713e+00
5.019207349778099569e+00
3.849904584363300852e+00
2.607953881058603152e+00
1.316511542689007053e+00
2.522696582839780906e-15
0.000000000000000000e+00
-1.105928870486585058e+00
-2.190738245474121548e+00
-3.233856635221645348e+00
-4.215785252099879088e+00
-5.118577563701179223e+00
-5.926254772239239799e+00
-6.625142277145796399e+00
-7.204116999430329571e+00
-7.654760670657683619e+00
-7.971419458555913273e+00
-8.151175206028893783e+00
-8.193737807164515274e+00
-8.101271578769511095e+00
-7.878170743593014613e+00
-7.530800276959462636e+00
-7.067218396085571008e+00
-6.496895986673825618e+00
-5.830446411502500759e+00
-5.079376635674597296e+00
-4.255867628051031915e+00
-3.372588779927115255e+00
-2.442547831692428506e+00
-1.478974694463391915e+00
-4.952347890771464645e-01
4.952347890921015572e-01
1.478974694462169781e+00
2.442547831694042326e+00
3.372588779917087276e+00
4.255867627999498026e+00
5.079376635766617909e+00
5.830446411433280574e+00
6.496895986708864257e+00
7.067218396106426326e+00
7.530800277083374183e+00
7.878170743956294686e+00
8.101271578891354963e+00
8.193737807147359220e+00
8.151175205739670915e+00
7.971419458754896326e+00
7.654760670614297879e+00
7.204116999212739181e+00
6.625142277297533688e+00
5.926254772378499069e+00
5.118577563807106046e+00
4.215785252104890191e+00
3.233856635270314861e+00
2.190738244275264535e+00
1.105928870495972438e+00
2.119197999279303941e-15
0.000000000000000000e+00
-9.143869635540688989e-01
-1.811299959066299259e+00
-2.673718658573351448e+00
-3.485510772440842064e+00
-4.231829193806340150e+00
-4.899456221338095219e+00
-5.477082478031941370e+00
-5.955512086541762784e+00
-6.327789953416321111e+00
-6.589251421962991628e+00
-6.737498403494051935e+00
-6.772310015642193370e+00
-6.695498118763794082e+00
-6.510720372886647844e+00
-6.223264281734741665e+00
-5.839815845565818009e+00
-5.368225542290280927e+00
-4.817283083759671847e+00
-4.196510063734744556e+00
-3.515977273987712870e+00
-2.786150830699983594e+00
-2.017768282474404096e+00
-1.221743509649926729e+00
-4.090966388819537447e-01
4.090966388805780118e-01
1.221743509498028457e+00
2.017768282419799331e+00
2.786150830762847530e+00
3.515977276041695632e+00
4.196510061204411279e+00
4.817283086529745795e+00
5.368225542414693408e+00
5.839815842397032775e+00
6.223264285364856541e+00
6.510720369045629674e+00
6.695498118820365718e+00
6.772310015429660268e+00
6.737498403924862878e+00
6.589251421892465821e+00
6.327789956519716874e+00
5.955512086544699102e+00
5.477082477961988438e+00
4.899456221392693323e+00
4.231829193894871999e+00
3.485510772465715501e+00
2.673718658472011178e+00
1.811299959099963885e+00
9.143869635689159114e-01
1.752166377213654036e-15
0.000000000000000000e+00
-7.442567208219842412e-01
-1.474304721491977554e+00
-2.176302853691046035e+00
-2.837129650979056006e+00
-3.444705487499737817e+00
-3.988272157806294960e+00
-4.458619854493915291e+00
-4.848254665178673761e+00
-5.151503134390385874e+00
-5.364553925787247657e+00
-5.485439889026044291e+00
-5.513966699465458809e+00
-5.451596534306091257e+00
-5.301296845082513087e+00
-5.067365140876741059e+00
-4.755240819046242962e+00
-4.371314501580956247e+00
-3.922744160637100741e+00
-3.417285657881411254e+00
-2.863143317870233240e+00
-2.268843951052814223e+00
-1.643135482821723281e+00
-9.949091698635132985e-01
-3.331424195878505690e-01
3.331424195878536221e-01
9.949091698634120462e-01
1.643135482821863169e+00
2.268843951052329722e+00
2.863143317866701842e+00
3.417285657879332028e+00
3.922744160637378741e+00
4.371314501581132106e+00
4.755240819044860956e+00
5.067365140877750918e+00
5.301296845082972276e+00
5.451596534306063724e+00
5.513966699466116062e+00
5.485439889025676585e+00
5.364553925790087163e+00
5.151503134246071092e+00
4.848254665323016965e+00
4.458619854578163455e+00
3.988272157638914628e+00
3.444705487487774498e+00
2.837129650976108142e+00
2.176302853682205551e+00
1.474304721512696315e+00
7.442567208220480790e-01
1.426154860052633218e-15
0.000000000000000000e+00
-5.956460191066643706e-01
-1.179947972404056911e+00
-1.741853245163445640e+00
-2.270880016222745379e+00
-2.757373124098787542e+00
-3.192726560188841489e+00
-3.569564617465157408e+00
-3.881876264655390152e+00
-4.125099886583422304e+00
-4.296158295139617778e+00
-4.393446475390324402e+00
-4.416776782812781299e+00
-4.367288162645931671e+00
-4.247327245799472628e+00
-4.060309899714390269e+00
-3.810571976205971101e+00
-3.503217565657999355e+00
-3.143972199648291888e+00
-2.739047142408250757e+00
-2.295019345529505372e+00
-1.818729884056288881e+00
-1.317201885209583256e+00
-7.975772143870998310e-01
-2.670695836125488443e-01
2.670695836165593029e-01
7.975772143517874113e-01
1.317201885193389987e+00
1.818729883981286433e+00
2.295019345696946100e+00
2.739047142409512414e+00
3.143972199620824526e+00
3.503217565713178328e+00
3.810571976253989135e+00
4.060309899661167954e+00
4.247327245624715530e+00
4.367288162557087183e+00
4.416776782696052450e+00
4.393446475540650376e+00
4.296158295378253555e+00
4.125099886268409399e+00
3.881876264737292193e+00
3.569564617633471659e+00
3.192726560119241164e+00
2.757373124263509112e+00
2.270880014875062525e+00
1.741853245147721552e+00
1.179947972340060769e+00
5.956460188989497473e-01
1.141376076611458568e-15
0.000000000000000000e+00
-4.674796594184318366e-01
-9.260896312443680500e-01
-1.367185835375938963e+00
-1.782566184077375437e+00
-2.164669079902659110e+00
-2.506746432385259737e+00
-2.803005103842567181e+00
-3.048712518216147860e+00
-3.240264175937409341e+00
-3.375212872378928086e+00
-3.452261377875191162e+00
-3.471222080128810727e+00
-3.432948511550801829e+00
-3.339244716364942356e+00
-3.192759007944028671e+00
-2.996868821606995859e+00
-2.755563097398797900e+00
-2.473327975645844390e+00
-2.155040626423994965e+00
-1.805874830104722273e+00
-1.431220581908512868e+00
-1.036618588488191328e+00
-6.277091576053078770e-01
-2.101937324655183958e-01
2.101937324759335923e-01
6.277091576072112433e-01
1.036618588479752967e+00
1.431220581909266043e+00
1.805874830122572883e+00
2.155040626442046747e+00
2.473327975663676792e+00
2.755563097365593350e+00
2.996868821635717772e+00
3.192759007942640448e+00
3.339244716395658674e+00
3.432948511547351256e+00
3.471222080095139439e+00
3.452261377969835010e+00
3.375212872409151466e+00
3.240264175995733797e+00
3.048712518373166702e+00
2.803005103980919621e+00
2.506746432501620436e+00
2.164669079903565940e+00
1.782566184073050453e+00
1.367185835420076323e+00
9.260896312420104914e-01
4.674796594185580134e-01
8.957730231435054021e-16
0.000000000000000000e+00
-3.581572853003983092e-01
-7.095541888080818538e-01
-1.047600005482087315e+00
-1.366036587302202454e+00
-1.659088024821250285e+00
-1.921591515906092340e+00
-2.149104871227910163e+00
-2.337987450809157597e+00
-2.485452774740733783e+00
-2.589592553779651141e+00
-2.649373346702111220e+00
-2.664608316213147532e+00
-2.635907660900345117e+00
-2.564612058615074019e+00
-2.452713947788609961e+00
-2.302771625087867147e+00
-2.117820943876619566e+00
-1.901288984280054883e+00
-1.656913326471243453e+00
-1.388669714758095530e+00
-1.100709873546353190e+00
-7.973102076840560271e-01
-4.828310795661472921e-01
-1.616854145101062901e-01
1.616854144882999000e-01
4.828310795798878008e-01
7.973102076026777896e-01
1.100709873626893653e+00
1.388669714823880241e+00
1.656913326472675863e+00
1.901288984370452795e+00
2.117820943729203709e+00
2.302771625235510822e+00
2.452713947875312606e+00
2.564612058191469757e+00
2.635907661257280932e+00
2.664608316178266101e+00
2.649373346308850241e+00
2.589592553613817572e+00
2.485452774212828952e+00
2.337987451117510496e+00
2.149104870638536724e+00
1.921591516072982175e+00
1.659088024665918981e+00
1.366036587105572409e+00
1.047600005595548778e+00
7.095541886841515433e-01
3.581572852787157646e-01
6.862808037609946841e-16
0.000000000000000000e+00
-2.659359562521785292e-01
-5.268864746271200161e-01
-7.779890927954513646e-01
-1.014622492800984377e+00
-1.232515337590775584e+00
-1.427841770985633030e+00
-1.597300340880913216e+00
-1.738174036345748297e+00
-1.848370062780130052e+00
-1.926439180311516619e+00
-1.971575318495523810e+00
-1.983597142495582721e+00
-1.962914057236871290e+00
-1.910479640512003474e+00
-1.827735918981063357e+00
-1.716551995672114028e+00
-1.579160454528161672e+00
-1.418094670064533158e+00
-1.236129664581347321e+00
-1.036228548589259280e+00
-8.214958706292914137e-01
-5.951384603109960425e-01
-3.604336086507024528e-01
-1.207037519672340270e-01
1.207037519810623960e-01
3.604336086923368154e-01
5.951384603866030076e-01
8.214958707142167027e-01
1.036228548606308753e+00
1.236129664535098094e+00
1.418094669878163794e+00
1.579160454297867888e+00
1.716551995456248259e+00
1.827735918999557230e+00
1.910479639713576150e+00
1.962914057002668633e+00
1.983597142372739874e+00
1.971575317162181040e+00
1.926439181053370087e+00
1.848370062314521611e+00
1.738174037105290948e+00
1.597300340715903211e+00
1.427841771035681884e+00
1.232515337533999666e+00
1.014622492921442687e+00
7.779890926607810897e-01
5.268864745932712035e-01
2.659359562389644882e-01
5.095604002093393951e-16
0.000000000000000000e+00
-1.891419324422468351e-01
-3.747698773205462297e-01
-5.534545714825795937e-01
-7.219329933393684451e-01
-8.771836448510539341e-01
-1.016492914695307226e+00
-1.137510332616788578e+00
-1.238291106905550887e+00
-1.317325029104771561e+00
-1.373551501906510541e+00
-1.406361128586417264e+00
-1.415584924774768050e+00
-1.401472721390523812e+00
-1.364662741682056701e+00
-1.306144576306299543e+00
-1.227217893819406491e+00
-1.129449183957643710e+00
-1.014628631751783860e+00
-8.847289355687211199e-01
-7.418674686290955833e-01
-5.882727240000543700e-01
-4.262554893244319687e-01
-2.581847041820498068e-01
-8.646749617915031050e-02
8.646749617881233085e-02
2.581847041492448258e-01
4.262554893369778775e-01
5.882727241500207427e-01
7.418674686846330468e-01
8.847289356145420225e-01
1.014628631570902773e+00
1.129449183855341765e+00
1.227217893984712926e+00
1.306144576211693664e+00
1.364662741726743178e+00
1.401472721366270324e+00
1.415584924721887461e+00
1.406361128779518799e+00
1.373551501890261761e+00
1.317325029231429578e+00
1.238291106832350996e+00
1.137510332626613385e+00
1.016492915526804097e+00
8.771836450922585460e-01
7.219329934423059925e-01
5.534545715417791278e-01
3.747698773250316417e-01
1.891419324058843110e-01
3.624049182510545827e-16
0.000000000000000000e+00
-1.262805804325767556e-01
-2.502432545580513534e-01
-3.696242956034563321e-01
-4.822663715933087625e-01
-5.861669376235011386e-01
-6.795211511446321850e-01
-7.607579447394231531e-01
-8.285682488317076544e-01
-8.819247496127264885e-01
-9.200929937780834011e-01
-9.426340495177708556e-01
-9.493993166020195940e-01
-9.405183985734014707e-01
-9.163811981690221931e-01
-8.776155693777778488e-01
-8.250619284534130848e-01
-7.597462201939385595e-01
-6.828525343238107670e-01
-5.956964893971867792e-01
-4.997002755144213104e-01
-3.963699674764566971e-01
-2.872754264684761472e-01
-1.740328112109006398e-01
-5.828944589122364572e-02
5.828944588830872742e-02
1.740328112059933152e-01
2.872754264520299694e-01
3.963699674686177454e-01
4.997002755091692894e-01
5.956964894024678880e-01
6.828525344238006722e-01
7.597462201568148110e-01
8.250619282380778907e-01
8.776155692972064104e-01
9.163811980769512866e-01
9.405183984585938628e-01
9.493993166334151468e-01
9.426340495811341702e-01
9.200929937916977330e-01
8.819247495441776552e-01
8.285682487481063063e-01
7.607579447590292476e-01
6.795211511085830214e-01
5.861669375923209691e-01
4.822663716366741293e-01
3.696242957175709387e-01
2.502432545867288027e-01
1.262805804312276126e-01
2.419504506154371666e-16
0.000000000000000000e+00
-7.608781064109228220e-02
-1.508023337178316936e-01
-2.228009801270681434e-01
-2.908015143453078211e-01
-3.536096754483488147e-01
-4.101438780879984036e-01
-4.594562529861505040e-01
-5.007494680209853000e-01
-5.333889753358479480e-01
-5.569105449297666599e-01
-5.710231529679138385e-01
-5.756074979918419654e-01
-5.707105793576709996e-01
-5.565369179028016866e-01
-5.334370841886462156e-01
-5.018942556787601150e-01
-4.625095206058892905e-01
-4.159866091706632685e-01
-3.631166488884033372e-01
-3.047634305668961985e-01
-2.418495351361931167e-01
-1.753435253324429344e-01
-1.062482575632088394e-01
-3.559023087443240196e-02
3.559023087704000360e-02
1.062482575757909553e-01
1.753435253171599928e-01
2.418495351822509687e-01
3.047634305725401282e-01
3.631166488968586292e-01
4.159866091459920590e-01
4.625095205467754655e-01
5.018942555985774767e-01
5.334370841885607284e-01
5.565369178398887895e-01
5.707105793854864162e-01
5.756074979230150213e-01
5.710231530436649106e-01
5.569105449816409426e-01
5.333889753647809151e-01
5.007494679517930924e-01
4.594562529885471980e-01
4.101438781785695653e-01
3.536096754505255180e-01
2.908015143357549626e-01
2.228009801821954627e-01
1.508023337302546174e-01
7.608781065145156508e-02
1.457748025946211768e-16
0.000000000000000000e+00
-3.754963020700034793e-02
-7.443813023136069962e-02
-1.100181486819146459e-01
-1.436694730170174628e-01
-1.748115722066107824e-01
-2.029149606696321051e-01
-2.275110770867799503e-01
-2.482004386678839936e-01
-2.646589071201145282e-01
-2.766419844342433154e-01
-2.839871350996115429e-01
-2.866142092472396263e-01
-2.845241079372036186e-01
-2.777958855838057461e-01
-2.665825266534596616e-01
-2.511056573979646434e-01
-2.316494591997075303e-01
-2.085540447336854675e-01
-1.822085303092158826e-01
-1.530440069378954937e-01
-1.215265649441022583e-01
-8.815048003439945878e-02
-5.343161703745875207e-02
-1.790106048005383685e-02
1.790106048015444040e-02
5.343161703340187224e-02
8.815048002503057811e-02
1.215265649504053691e-01
1.530440069549915683e-01
1.822085303122788491e-01
2.085540447363901095e-01
2.316494591960043536e-01
2.511056573303812045e-01
2.665825267314564928e-01
2.777958855288542028e-01
2.845241079268528983e-01
2.866142092332958358e-01
2.839871350944003781e-01
2.766419844626125113e-01
2.646589071599669829e-01
2.482004386105539917e-01
2.275110770712276409e-01
2.029149606513988569e-01
1.748115722434006036e-01
1.436694730164450040e-01
1.100181486873067355e-01
7.443813025523957072e-02
3.754963020826980469e-02
7.193506063046748975e-17
0.000000000000000000e+00
-9.905669602043641261e-03
-1.964371486144670179e-02
-2.904958937786892778e-02
-3.796483078350450929e-02
-4.623992564647496500e-02
-5.373696896160728986e-02
-6.033206119977357895e-02
-6.591739478367578120e-02
-7.040299245334613598e-02
-7.371807111192944795e-02
-7.581201601657509836e-02
-7.665496188217199580e-02
-7.623798775008513995e-02
-7.457294135867062468e-02
-7.169191771544441982e-02
-6.764642117428906753e-02
-6.250624515978930873e-02
-5.635810620027933981e-02
-4.930406938686505286e-02
-4.145979904781904590e-02
-3.295267086650480876e-02
-2.391977369251672633e-02
-1.450582856522971385e-02
-4.861047487400389430e-03
4.861047487638077771e-03
1.450582856456563742e-02
2.391977369243401125e-02
3.295267086169791082e-02
4.145979904929487231e-02
4.930406939062956934e-02
5.635810619592815374e-02
6.250624496873985469e-02
6.764642117354932593e-02
7.169191770479711734e-02
7.457294133429648308e-02
7.623798774721227134e-02
7.665496188260274846e-02
7.581201601198364615e-02
7.371807111454156680e-02
7.040299246333399374e-02
6.591739478387775852e-02
6.033206120543397472e-02
5.373696896805573581e-02
4.623992564069126510e-02
3.796483078265418254e-02
2.904958937754681045e-02
1.964371486287073282e-02
9.905669602987186850e-03
1.897442138025076439e-17
0.000000000000000000e+00
7.354084210989670495e-03
1.459243899126239953e-02
2.160090670837181218e-02
2.826846900276652058e-02
3.448880421208368185e-02
4.016182653270582853e-02
4.519519521878834212e-02
4.950577766877324593e-02
5.302104605905214735e-02
5.568038244036797868e-02
5.743626336973704088e-02
5.825529248913335900e-02
5.811904695873190696e-02
5.702470600982829235e-02
5.498542745557785660e-02
5.203044652771868922e-02
4.820487460805692598e-02
4.356918069005711464e-02
3.819835280054401788e-02
3.218074061007419190e-02
2.561659445186239767e-02
1.861632483774636887e-02
1.129851777726467547e-02
3.787749285099493903e-03
-3.787749285668286312e-03
-1.129851777960253975e-02
-1.861632483411946107e-02
-2.561659445835525600e-02
-3.218074061128600033e-02
-3.819835279771566922e-02
-4.356918069159657070e-02
-4.820487461788208056e-02
-5.203044653371835526e-02
-5.498542745940128429e-02
-5.702470601047046617e-02
-5.811904695804641363e-02
-5.825529243333801843e-02
-5.743626337863683845e-02
-5.568038244787886643e-02
-5.302104605983395252e-02
-4.950577766406979996e-02
-4.519519523060683969e-02
-4.016182654432647742e-02
-3.448880421003409913e-02
-2.826846901145932747e-02
-2.160090670617118361e-02
-1.459243898808280232e-02
-7.354084210827412267e-03
-1.408400980223947789e-17
0.000000000000000000e+00
1.449420353346781570e-02
2.879637603243363070e-02
4.271463635768778244e-02
5.605759670144071921e-02
6.863507711710728487e-02
8.025933812682219115e-02
9.074693428980157295e-02
9.992123929889581979e-02
1.076156325732961494e-01
1.136772771857720993e-01
1.179713590597005479e-01
1.203856053805472809e-01
1.208348573515718588e-01
1.192654447921713406e-01
1.156590953399408706e-01
1.100361168663107070e-01
1.024576115702966056e-01
9.302651860468245937e-02
8.188733380577657706e-02
6.922441828863941382e-02
5.525887866072338311e-02
4.024407561054229449e-02
2.445989083505361802e-02
8.205949265785255492e-03
-8.205949264495080928e-03
-2.445989083718594359e-02
-4.024407561022223800e-02
-5.525887866293850703e-02
-6.922441829573736105e-02
-8.188733379665982803e-02
-9.302651860884339485e-02
-1.024576115736864079e-01
-1.100361168578257165e-01
-1.156590953329797444e-01
-1.192654447986407906e-01
-1.208348573673585086e-01
-1.203856053815201832e-01
-1.179713590824711389e-01
-1.136772771689708306e-01
-1.076156325581827111e-01
-9.992123928556230494e-02
-9.074693431532043775e-02
-8.025933813109226156e-02
-6.863507713094006701e-02
-5.605759670664158673e-02
-4.271463635654895036e-02
-2.879637603211677999e-02
-1.449420353378156820e-02
-2.774657908324042032e-17
0.000000000000000000e+00
1.153787322565478189e-02
2.301690575764465257e-02
3.437068586703355411e-02
4.551834181097134252e-02
5.635896942766998458e-02
6.676791839666076922e-02
7.659534934567172049e-02
8.566731329354571045e-02
9.378942640216619830e-02
1.007530264325944697e-01
1.063435167086929645e-01
1.103504399485712301e-01
1.125786891784334026e-01
1.128601655567807588e-01
1.110651394344294302e-01
1.071125660490968995e-01
1.009786507517619614e-01
9.270304937083971575e-02
8.239222066846928205e-02
7.021961243600194358e-02
5.642254995781031957e-02
4.129589406577426070e-02
2.518273183823525885e-02
8.462544848234549236e-03
-8.462544849317679349e-03
-2.518273183629653883e-02
-4.129589406812359670e-02
-5.642254996164899894e-02
-7.021961244097338350e-02
-8.239222067562673724e-02
-9.270304935882398012e-02
-1.009786507564067598e-01
-1.071125660503959992e-01
-1.110651394279821152e-01
-1.128601655577376045e-01
-1.125786891947427870e-01
-1.103504399507555106e-01
-1.063435167411835858e-01
-1.007530264426997613e-01
-9.378942640740822734e-02
-8.566731328070018026e-02
-7.659534934868254819e-02
-6.676791840658928556e-02
-5.635896942438248236e-02
-4.551834181410464863e-02
-3.437068586111830665e-02
-2.301690575569881672e-02
-1.153787322689714921e-02
-2.205678056319511621e-17
0.000000000000000000e+00
-1.730600600097301819e-03
-3.169146935649931954e-03
-4.045635784565038487e-03
-4.132672711243750088e-03
-3.263142343891653994e-03
-1.343788596062226543e-03
1.636226522601508682e-03
5.602384154324809191e-03
1.039771642425483048e-02
1.579140041489007079e-02
2.149250163785221962e-02
2.716798900928946506e-02
3.246385980566866836e-02
3.702800479697637009e-02
4.053332451389954350e-02
4.269958573877705166e-02
4.331258273734150260e-02
4.223933763943116954e-02
3.943832614739348208e-02
3.496403377770292142e-02
2.896551273558315223e-02
2.167899692271288078e-02
1.341501758962654507e-02
4.540819200717903861e-03
-4.540819200883033924e-03
-1.341501758908210211e-02
-2.167899692068647743e-02
-2.896551273348138902e-02
-3.496403377885044100e-02
-3.943832614605529557e-02
-4.223933763685597947e-02
-4.331258272883412724e-02
-4.269958573328007378e-02
-4.053332451740682130e-02
-3.702800479844530618e-02
-3.246385981174462060e-02
-2.716798900396014127e-02
-2.149250163881384276e-02
-1.579140041878521195e-02
-1.039771641971078825e-02
-5.602384153862239972e-03
-1.636226520397245001e-03
1.343788594932514334e-03
3.263142343022109974e-03
4.132672711108671508e-03
4.045635784340268631e-03
3.169146936190356430e-03
1.730600600142852838e-03
3.400027822756459812e-18
0.000000000000000000e+00
-2.576387172662464656e-02
-5.065276430143141745e-02
-7.383571820910057870e-02
-9.456713448234123354e-02
-1.122229338860483289e-01
-1.263293680252447482e-01
-1.365827951486849323e-01
-1.428593166624422539e-01
-1.452138238278815052e-01
-1.438686801254201730e-01
-1.391929208913491867e-01
-1.316734457237079547e-01
-1.218801721144271988e-01
-1.104274803619212791e-01
-9.793448959940974363e-02
-8.498674752811759270e-02
-7.210179461220600494e-02
-5.970078072422515397e-02
-4.808789297622147185e-02
-3.743881977626904028e-02
-2.779886551995525840e-02
-1.909068195181276226e-02
-1.113093691458653597e-02
-3.654643145773748929e-03
3.654643145553974209e-03
1.113093691479903613e-02
1.909068195490893835e-02
2.779886552034485994e-02
3.743881977809977030e-02
4.808789297882488240e-02
5.970078071758891380e-02
7.210179460417857900e-02
8.498674752940192645e-02
9.793448959787566521e-02
1.104274803735676019e-01
1.218801721133735000e-01
1.316734456937873055e-01
1.391929208489560699e-01
1.438686801039169849e-01
1.452138238232314749e-01
1.428593166545890081e-01
1.365827951732128676e-01
1.263293680365800975e-01
1.122229338757280148e-01
9.456713449386985881e-02
7.383571820884801684e-02
5.065276430823054121e-02
2.576387172188982291e-02
4.949306956788550147e-17
0.000000000000000000e+00
-6.124739646889421074e-02
-1.207839935976550982e-01
-1.769735176549807332e-01
-2.283244323007284360e-01
-2.735518056385137786e-01
-3.116273456180468360e-01
-3.418148849591359228e-01
-3.636895338273057332e-01
-3.771397589048888777e-01
-3.823527208055321203e-01
-3.797842384875482757e-01
-3.701156812197411439e-01
-3.542008518155935759e-01
-3.330064940771113591e-01
-3.075503651548125994e-01
-2.788408859703209175e-01
-2.478221816092069374e-01
-2.153278921708278448e-01
-1.820464893302610465e-01
-1.485000036359498121e-01
-1.150371604881171295e-01
-8.184090593099782596e-02
-4.894933826188303111e-02
-1.628814375082913990e-02
1.628814374907534140e-02
4.894933825241664510e-02
8.184090593627112165e-02
1.150371604893906108e-01
1.485000036461676109e-01
1.820464893102506643e-01
2.153278921544872215e-01
2.478221815652284776e-01
2.788408859654068483e-01
3.075503651429057350e-01
3.330064941467009709e-01
3.542008519095634078e-01
3.701156812248011518e-01
3.797842384773587043e-01
3.823527208091579421e-01
3.771397589366780045e-01
3.636895338124809807e-01
3.418148849419153090e-01
3.116273456288857213e-01
2.735518056390097708e-01
2.283244322683915528e-01
1.769735176333268323e-01
1.207839936229550687e-01
6.124739646947839622e-02
1.175383480613310704e-16
0.000000000000000000e+00
-1.090875079900333888e-01
-2.153476461069465664e-01
-3.160680479555658673e-01
-4.087598466354695481e-01
-4.912535899096066028e-01
-5.617773309829559025e-01
-6.190128200554929627e-01
-6.621271462721556311e-01
-6.907787383931530689e-01
-7.050982466306227048e-01
-7.056463594350377289e-01
-6.933519771460521230e-01
-6.694352800196819997e-01
-6.353210271647431462e-01
-5.925478612266565914e-01
-5.426794699184595006e-01
-4.872231397773064687e-01
-4.275606024963521379e-01
-3.648951209446714694e-01
-3.002175854659199783e-01
-2.342930447304679697e-01
-1.676676809202650720e-01
-1.006948334895229613e-01
-3.357737409037057918e-02
3.357737408227143283e-02
1.006948334989259397e-01
1.676676809380533706e-01
2.342930446976485559e-01
3.002175855229849977e-01
3.648951209351898872e-01
4.275606024684589501e-01
4.872231398161849247e-01
5.426794700156130080e-01
5.925478612623451546e-01
6.353210270289761930e-01
6.694352800311319518e-01
6.933519769867718674e-01
7.056463593785243793e-01
7.050982465969563018e-01
6.907787383985561913e-01
6.621271463322435658e-01
6.190128199658752051e-01
5.617773309534730419e-01
4.912535899701849784e-01
4.087598466205591974e-01
3.160680478897749945e-01
2.153476461258660990e-01
1.090875079856113844e-01
2.092760145486850323e-16
0.000000000000000000e+00
-1.703819639539742026e-01
-3.365040686664144687e-01
-4.942738103171374076e-01
-6.399239865885404388e-01
-7.701524648655720950e-01
-8.822362336484900203e-01
-9.741139193124472850e-01
-1.044433025865166398e+00
-1.092560433126612107e+00
-1.118556996866461706e+00
-1.123119280306109191e+00
-1.107493364121686419e+00
-1.073367219517459281e+00
-1.022749203554411457e+00
-9.578408005349096088e-01
-8.809117698826374188e-01
-7.941853919735425427e-01
-6.997405660849058684e-01
-5.994361824598164468e-01
-4.948615463807755077e-01
-3.873147831396166474e-01
-2.778092091903706096e-01
-1.671057397676020129e-01
-5.576763384408637420e-02
5.576763384442472160e-02
1.671057397665005329e-01
2.778092091945320030e-01
3.873147831392397267e-01
4.948615463743420984e-01
5.994361824600717981e-01
6.997405660965677621e-01
7.941853919744128465e-01
8.809117698761884663e-01
9.578408005247148749e-01
1.022749203543527052e+00
1.073367219510657389e+00
1.107493364151747706e+00
1.123119280304981649e+00
1.118556996855434749e+00
1.092560433137113707e+00
1.044433025865611153e+00
9.741139193006402852e-01
8.822362336454799836e-01
7.701524648393588413e-01
6.399239865838305397e-01
4.942738103125786098e-01
3.365040686570093809e-01
1.703819639522787810e-01
3.268142196645037767e-16
0.000000000000000000e+00
-2.463563619654344783e-01
-4.866620705711089401e-01
-7.151005214736354532e-01
-9.263099796873924818e-01
-1.115578874276938581e+00
-1.279005050020429746e+00
-1.413610939656914534e+00
-1.517409592349613812e+00
-1.589419717387400954e+00
-1.629631144729654091e+00
-1.638925119381993145e+00
-1.618956447974586821e+00
-1.572006560499788153e+00
-1.500817918036118970e+00
-1.408420860155646714e+00
-1.297963933468689657e+00
-1.172558012997706234e+00
-1.035143196043962543e+00
-8.883856146175450608e-01
-7.346090911419221881e-01
-5.757640952238821663e-01
-4.134338871828872608e-01
-2.488752154882426237e-01
-8.308861592099694993e-02
8.308861592343814995e-02
2.488752155011976219e-01
4.134338871733922449e-01
5.757640952249410971e-01
7.346090911022975511e-01
8.883856145594697384e-01
1.035143196059555404e+00
1.172558012953007545e+00
1.297963933455338115e+00
1.408420860171288203e+00
1.500817918092112180e+00
1.572006560572178469e+00
1.618956447898667994e+00
1.638925119365641336e+00
1.629631144742982984e+00
1.589419717288140799e+00
1.517409592282578101e+00
1.413610939576509962e+00
1.279005049919766712e+00
1.115578874215423344e+00
9.263099797337024377e-01
7.151005214664184484e-01
4.866620705706021233e-01
2.463563619720549047e-01
4.725076361972890953e-16
0.000000000000000000e+00
-3.382388915388204742e-01
-6.682295021513806610e-01
-9.820417656262581119e-01
-1.272363798050270223e+00
-1.532766707477758228e+00
-1.757919883088847834e+00
-1.943745928230770748e+00
-2.087508595148713564e+00
-2.187831583454545648e+00
-2.244650521548037680e+00
-2.259104534655222096e+00
-2.233377248098718848e+00
-2.170499686125457295e+00
-2.074129201386858856e+00
-1.948319263131005119e+00
-1.797294679074082469e+00
-1.625245705014508824e+00
-1.436152623312449750e+00
-1.233649888151322260e+00
-1.020936004118431439e+00
-8.007320959950366968e-01
-5.752888234978822402e-01
-3.464380791116937752e-01
-1.156829639092255141e-01
1.156829639091099815e-01
3.464380791118410463e-01
5.752888235023393415e-01
8.007320959940238403e-01
1.020936004118166318e+00
1.233649888150460727e+00
1.436152623298436293e+00
1.625245705014820130e+00
1.797294679103167647e+00
1.948319263086737418e+00
2.074129201354448782e+00
2.170499686105963999e+00
2.233377248141978466e+00
2.259104534655576479e+00
2.244650521560452638e+00
2.187831583429366233e+00
2.087508595145735946e+00
1.943745928176574322e+00
1.757919883088465696e+00
1.532766707477679846e+00
1.272363798050037298e+00
9.820417656262017125e-01
6.682295021516069244e-01
3.382388915386655426e-01
6.487178865079285294e-16
0.000000000000000000e+00
-4.470289284472072078e-01
-8.831535195693369644e-01
-1.297893151116553900e+00
-1.681589786854528645e+00
-2.025759064207735882e+00
-2.323374278222182898e+00
-2.569068920465898298e+00
-2.759249294248983020e+00
-2.892114954919341674e+00
-2.967590776457606605e+00
-2.987179924228493100e+00
-2.953751369343812438e+00
-2.871279000633564227e+00
-2.744551148607334401e+00
-2.578870039591502739e+00
-2.379760030421111505e+00
-2.152701797870413714e+00
-1.902906978914765901e+00
-1.635144512993986776e+00
-1.353626098221787144e+00
-1.061954098860187434e+00
-7.631311185105931205e-01
-4.596264463426458224e-01
-1.534909644371304505e-01
1.534909644394962802e-01
4.596264463285346102e-01
7.631311185128039076e-01
1.061954098844954286e+00
1.353626098368065023e+00
1.635144512970586606e+00
1.902906978942705996e+00
2.152701797751068291e+00
2.379760030432647611e+00
2.578870039457545893e+00
2.744551148465361301e+00
2.871279000733552245e+00
2.953751369286254036e+00
2.987179924225303207e+00
2.967590776287113208e+00
2.892114954892555545e+00
2.759249294259686458e+00
2.569068920463196903e+00
2.323374278257635428e+00
2.025759064183120906e+00
1.681589786865548497e+00
1.297893151176283455e+00
8.831535195876673017e-01
4.470289284524887607e-01
8.573705591323570986e-16
0.000000000000000000e+00
-5.730901854871692791e-01
-1.132113781071697911e+00
-1.663559304959371321e+00
-2.154991975996216613e+00
-2.595510980192297090e+00
-2.976116715696791371e+00
-3.289969312465612639e+00
-3.532527879007397509e+00
-3.701568469142248574e+00
-3.797086926293608666e+00
-3.821099922239775015e+00
-3.777363175587220123e+00
-3.671029740079144066e+00
-3.508273330010752922e+00
-3.295901937116023639e+00
-3.040985726723373084e+00
-2.750520599653247800e+00
-2.431145186980799178e+00
-2.088924675412047627e+00
-1.729210011029966187e+00
-1.356575962550843562e+00
-9.748364655913479560e-01
-5.871308547140224876e-01
-1.960702547630482906e-01
1.960702547683663144e-01
5.871308547484636042e-01
9.748364655367456333e-01
1.356575962479229958e+00
1.729210010932740404e+00
2.088924675420633648e+00
2.431145187027631049e+00
2.750520599714576075e+00
3.040985726804994016e+00
3.295901937015156768e+00
3.508273329821280928e+00
3.671029740079220449e+00
3.777363175643104309e+00
3.821099922411081540e+00
3.797086926182980715e+00
3.701568469073946321e+00
3.532527878980843639e+00
3.289969312393126621e+00
2.976116715798794665e+00
2.595510980191006123e+00
2.154991976006746857e+00
1.663559304947097139e+00
1.132113781095457128e+00
5.730901854883254654e-01
1.099175887296767339e-15
0.000000000000000000e+00
-7.154670482938154663e-01
-1.413168926978582984e+00
-2.076057815357243097e+00
-2.688475709368162381e+00
-3.236740950515167192e+00
-3.709614965764466366e+00
-4.098625146739478531e+00
-4.398231082586931961e+00
-4.605833017206526492e+00
-4.721632313105637024e+00
-4.748363015351850791e+00
-4.690920675201200929e+00
-4.555919118404004209e+00
-4.351207828373143904e+00
-4.085382259888745260e+00
-3.767317042281339123e+00
-3.405748183759211845e+00
-3.008925375920415757e+00
-2.584349815391761673e+00
-2.138606876606667928e+00
-1.677296802352110427e+00
-1.205060570481079729e+00
-7.256924556715234065e-01
-2.423257889908803642e-01
2.423257889910543361e-01
7.256924557196315906e-01
1.205060570423352573e+00
1.677296802313932078e+00
2.138606876550346314e+00
2.584349815472750223e+00
3.008925375977240968e+00
3.405748183837271625e+00
3.767317042281339123e+00
4.085382259888464596e+00
4.351207828303698122e+00
4.555919118404049506e+00
4.690920675478922774e+00
4.748363015512619079e+00
4.721632312907541262e+00
4.605833017229104875e+00
4.398231082669896708e+00
4.098625146673788855e+00
3.709614965846983914e+00
3.236740950291739249e+00
2.688475709319291251e+00
2.076057815385473404e+00
1.413168926956864135e+00
7.154670483120202373e-01
1.372318464553085904e-15
0.000000000000000000e+00
-8.707924036273985147e-01
-1.719597901973396681e+00
-2.525344513158980231e+00
-3.268730443640606609e+00
-3.932965417940805342e+00
-4.504353898447886806e+00
-4.972689625733923258e+00
-5.331446449393588694e+00
-5.577766207972483237e+00
-5.712258899244676336e+00
-5.738642326167590291e+00
-5.663257034431646630e+00
-5.494497346429625395e+00
-5.242200803961430289e+00
-4.917036757712598849e+00
-4.529930869457684750e+00
-4.091556585150009084e+00
-3.611917819262723484e+00
-3.100039805527644798e+00
-2.563777541420494188e+00
-2.009743979207155640e+00
-1.443353177753219585e+00
-8.689672799369455580e-01
-2.901305924614521192e-01
2.901305924565089067e-01
8.689672799407972548e-01
1.443353177733744053e+00
2.009743979219424936e+00
2.563777541435102503e+00
3.100039805521254799e+00
3.611917819225982207e+00
4.091556585142322788e+00
4.529930869456767262e+00
4.917036757531261237e+00
5.242200803904840889e+00
5.494497346429612072e+00
5.663257034431653736e+00
5.738642326443988750e+00
5.712258899310049820e+00
5.577766208078552168e+00
5.331446449438252522e+00
4.972689625750921216e+00
4.504353898444141358e+00
3.932965417917653195e+00
3.268730443664814800e+00
2.525344513183767070e+00
1.719597901971549936e+00
8.707924036270398016e-01
1.670362856394433005e-15
0.000000000000000000e+00
-1.031660664633474500e+00
-2.036690516425721853e+00
-2.989608601628507500e+00
-3.867155152758821046e+00
-4.649213363023195100e+00
-5.319524625907988913e+00
-5.866159029315964446e+00
-6.281724094839015393e+00
-6.563315945544674790e+00
-6.712236103593189007e+00
-6.733512142074220996e+00
-6.635270826233217178e+00
-6.428017312134626238e+00
-6.123874516768814225e+00
-5.735833145069423544e+00
-5.277056432201381320e+00
-4.760275445756794177e+00
-4.197301705405670269e+00
-3.598674456356332652e+00
-2.973451153388260604e+00
-2.329141176370462585e+00
-1.671775191076778633e+00
-1.006095757364444232e+00
-3.358488524901993566e-01
3.358488524234494177e-01
1.006095757357595710e+00
1.671775191083536782e+00
2.329141176386706924e+00
2.973451155311070071e+00
3.598674455806259331e+00
4.197301705430111163e+00
4.760275445746390943e+00
5.277056429258816905e+00
5.735833145072424699e+00
6.123874516772775500e+00
6.428017312134639560e+00
6.635270826223669260e+00
6.733512142089661978e+00
6.712236103592188030e+00
6.563315946571533388e+00
6.281724094846861561e+00
5.866159029326833085e+00
5.319524625913617299e+00
4.649213363021836187e+00
3.867155152762258297e+00
2.989608601629636375e+00
2.036690516425918140e+00
1.031660664633338165e+00
1.979131610884168695e-15
0.000000000000000000e+00
-1.184472993836915400e+00
-2.337508534467659604e+00
-3.429086939267830925e+00
-4.431922232945395557e+00
-5.322584757439802416e+00
-6.082358148636183515e+00
-6.697783932486705005e+00
-7.160875454830994968e+00
-7.469010876692931511e+00
-7.624539493166940574e+00
-7.634154288552875478e+00
-7.508095457053658883e+00
-7.259254233701309289e+00
-6.902244781934573581e+00
-6.452505298173575987e+00
-5.925479624910620302e+00
-5.335919090998006986e+00
-4.697332315336296027e+00
-4.021599249309367075e+00
-3.318755300400840547e+00
-2.596942157072358981e+00
-1.862513942674556056e+00
-1.120280436525497247e+00
-3.738633183905140656e-01
3.738633182253606191e-01
1.120280436405597380e+00
1.862513942653144960e+00
2.596942156978399474e+00
3.318755300376309503e+00
4.021599249271986309e+00
4.697332315520363899e+00
5.335919091392475444e+00
5.925479624910635401e+00
6.452505298342765983e+00
6.902244781817475250e+00
7.259254233830533920e+00
7.508095457094189129e+00
7.634154286897902431e+00
7.624539491683306025e+00
7.469010876557744538e+00
7.160875456074903944e+00
6.697783933788898025e+00
6.082358155869678207e+00
5.322584757291168422e+00
4.431922232960903152e+00
3.429086938853118216e+00
2.337508534387719550e+00
1.184472994030688842e+00
2.272566664806307014e-15
0.000000000000000000e+00
-1.307224950155823961e+00
-2.578557633992067277e+00
-3.779806803151470884e+00
-4.880054390640682804e+00
-5.852983797673816824e+00
-6.677874938686247042e+00
-7.340210478079979062e+00
-7.831875045255787704e+00
-8.150965312367105753e+00
-8.301259572138791398e+00
-8.291417932406734081e+00
-8.133997066765417117e+00
-7.844366795609770016e+00
-7.439610959700448056e+00
-6.937484234366708691e+00
-6.355482202314927775e+00
-5.710066310062790862e+00
-5.016070116367018272e+00
-4.286299602154160837e+00
-3.531328690885370492e+00
-2.759481637842569501e+00
-1.976986211835100926e+00
-1.188275337907333418e+00
-3.964097631967380964e-01
3.964097631849145542e-01
1.188275337920818853e+00
1.976986211873061894e+00
2.759481637848879565e+00
3.531328690894960598e+00
4.286299602141269816e+00
5.016070116868347917e+00
5.710066309857755762e+00
6.355482202560338578e+00
6.937484234274156059e+00
7.439610960187907018e+00
7.844366795658305413e+00
8.133997066966809797e+00
8.291417932383717826e+00
8.301259571932435577e+00
8.150965312399893747e+00
7.831875045254453660e+00
7.340210477939774769e+00
6.677874938542470495e+00
5.852983797683267042e+00
4.880054390633713268e+00
3.779806803166919416e+00
2.578557633954061235e+00
1.307224950122895635e+00
2.508472298619431781e-15
0.000000000000000000e+00
-1.368812612132578099e+00
-2.698493774724101790e+00
-3.951871198204937485e+00
-5.095534162821878432e+00
-6.101340202924432354e+00
-6.947519931348542954e+00
-7.619316847992441133e+00
-8.109145937867438647e+00
-8.416299547825826011e+00
-8.546266040466083069e+00
-8.509752538611493833e+00
-8.321516104511275103e+00
-7.999108582127025358e+00
-7.561631163564675795e+00
-7.028578657835789834e+00
-6.418833904248329780e+00
-5.749852611569901129e+00
-5.037060542388948292e+00
-4.293469537518951107e+00
-3.529506821410523187e+00
-2.753043068943568095e+00
-1.969598154599969453e+00
-1.182698651366281606e+00
-3.943574083999675239e-01
3.943574083999154545e-01
1.182698651356753894e+00
1.969598154600323836e+00
2.753043068923574310e+00
3.529506821437792041e+00
4.293469537518673107e+00
5.037060542393701823e+00
5.749852611582507045e+00
6.418833904351000541e+00
7.028578657871384472e+00
7.561631163555586177e+00
7.999108582125692202e+00
8.321516103978034096e+00
8.509752538354909746e+00
8.546266040471905967e+00
8.416299548038782774e+00
8.109145937870149368e+00
7.619316847965617256e+00
6.947519931357285294e+00
6.101340202658804834e+00
5.095534162865221539e+00
3.951871198260254570e+00
2.698493774717253046e+00
1.368812612132263684e+00
2.627159175597357453e-15
0.000000000000000000e+00
-1.333267350473386514e+00
-2.626588099612293892e+00
-3.842136687707127685e+00
-4.946150440803324777e+00
-5.910534412674322446e+00
-6.714010794524882364e+00
-7.342745668264914372e+00
-7.790441261623942459e+00
-8.057933685279866864e+00
-8.152377961355194103e+00
-8.086129776781318057e+00
-7.875445374348416294e+00
-7.539118372924469291e+00
-7.097158172820678068e+00
-6.569593099837654826e+00
-5.975456892400680786e+00
-5.331993250702199205e+00
-4.654092571367753450e+00
-3.953958948182296762e+00
-3.240994203517836958e+00
-2.521878384714080656e+00
-1.800821698040375951e+00
-1.079960106512908302e+00
-3.598649107431768912e-01
3.598649107452825402e-01
1.079960106512904749e+00
1.800821698041001229e+00
2.521878384713670318e+00
3.240994203519129702e+00
3.953958948179794763e+00
4.654092571368545705e+00
5.331993250697210307e+00
5.975456892400820230e+00
6.569593099836195549e+00
7.097158172818870625e+00
7.539118372924441758e+00
7.875445374349361316e+00
8.086129776775731415e+00
8.152377961384811300e+00
8.057933685424373493e+00
7.790441261627375269e+00
7.342745668267055770e+00
6.714010794389104753e+00
5.910534412512178370e+00
4.946150440804325754e+00
3.842136687553615371e+00
2.626588099528887277e+00
1.333267350481082802e+00
2.559534150889618206e-15
0.000000000000000000e+00
-1.173502468973679713e+00
-2.309923850092018949e+00
-3.374274891698029855e+00
-4.335563815340948146e+00
-5.168352830452351832e+00
-5.853845387858057414e+00
-6.380439253786653886e+00
-6.743739767097819637e+00
-6.946081865067974093e+00
-6.995652803046726653e+00
-6.905333565403747542e+00
-6.691387146799688601e+00
-6.372114403445872099e+00
-5.966581154695441036e+00
-5.493493915767365898e+00
-4.970274793252851708e+00
-4.412360652438866992e+00
-3.832731089060862573e+00
-3.241655237959107705e+00
-2.646638098288481622e+00
-2.052542599400205336e+00
-1.461861772519597036e+00
-8.751147599792049592e-01
-2.913401647525614147e-01
2.913401647524450078e-01
8.751147564771609710e-01
1.461861777882097035e+00
2.052542598932816098e+00
2.646638098482523294e+00
3.241655237563325631e+00
3.832731088804777642e+00
4.412360642732524596e+00
4.970274792772063854e+00
5.493493916234337249e+00
5.966581154813274779e+00
6.372114403084976786e+00
6.691387146898287952e+00
6.905333565241631888e+00
6.995652802929588354e+00
6.946081865254440046e+00
6.743739767098625215e+00
6.380439253764136787e+00
5.853845387847619541e+00
5.168352831508118861e+00
4.335563815439587465e+00
3.374274891303804313e+00
2.309923850125612077e+00
1.173502469150389249e+00
2.253452583136331388e-15
0.000000000000000000e+00
-8.950002512663683962e-01
-1.759995970089674788e+00
-2.566778812560489342e+00
-3.290565160460940941e+00
-3.911311247147584602e+00
-4.414609159054357690e+00
-4.792109454293935755e+00
-5.041470706065682705e+00
-5.165885841728766081e+00
-5.173272894377055842e+00
-5.075240008385302204e+00
-4.885940132346207498e+00
-4.620921983152687318e+00
-4.296064411178085685e+00
-3.926656305804173464e+00
-3.526658537303397178e+00
-3.108161977794325015e+00
-2.681038548124143883e+00
-2.252771435515350085e+00
-1.828445090389273719e+00
-1.410873930631057371e+00
-1.000849011866014937e+00
-5.974825176854433595e-01
-1.986300547337598588e-01
1.986300547616930146e-01
5.974825177450899805e-01
1.000849012031111984e+00
1.410873930772505336e+00
1.828445090048044230e+00
2.252771435728349037e+00
2.681038548184548009e+00
3.108161978700388239e+00
3.526658539474001319e+00
3.926656305270264546e+00
4.296064411852761999e+00
4.620921980760341441e+00
4.885940130482489430e+00
5.075240008374238165e+00
5.173272893539207828e+00
5.165885840484768288e+00
5.041470706937248636e+00
4.792109453162184174e+00
4.414609159637954861e+00
3.911311246354615800e+00
3.290565160524555832e+00
2.566778812697698253e+00
1.759995969967649954e+00
8.950002512340814453e-01
1.719212420917270246e-15
0.000000000000000000e+00
-5.551717968204628040e-01
-1.090416359696713577e+00
-1.587066007878482621e+00
-2.028850109645115030e+00
-2.402805014363976976e+00
-2.699881091816419332e+00
-2.915210079814753996e+00
-3.048036422460872252e+00
-3.101352367640430430e+00
-3.081303322299474345e+00
-2.996444507768582177e+00
-2.856931982347572951e+00
-2.673722410205923161e+00
-2.457840082844577001e+00
-2.219750604232338276e+00
-1.968862147930311446e+00
-1.713160172832896677e+00
-1.458971188787257178e+00
-1.210845804481959220e+00
-9.715495987718576476e-01
-7.421507798947508672e-01
-5.221943029342758225e-01
-3.099519580222262483e-01
-1.027363181229413863e-01
1.027363181068239734e-01
3.099519580701979304e-01
5.221943029389110036e-01
7.421507798038665671e-01
9.715495988436588792e-01
1.210845804515177537e+00
1.458971188846299505e+00
1.713160172609959897e+00
1.968862147834465226e+00
2.219750604330297250e+00
2.457840083184513524e+00
2.673722410173455355e+00
2.856931982568619244e+00
2.996444507676933267e+00
3.081303322202433304e+00
3.101352367889524952e+00
3.048036422132387901e+00
2.915210079979093649e+00
2.699881091667910127e+00
2.402805014179498322e+00
2.028850109624141584e+00
1.587066007678131552e+00
1.090416359588205708e+00
5.551717967722930025e-01
1.066861742158402744e-15
0.000000000000000000e+00
-2.491253584413618549e-01
-4.883253866337917137e-01
-7.083322941433994879e-01
-9.011288230087005635e-01
-1.060421149905879323e+00
-1.181952497573121708e+00
-1.263638965999238639e+00
-1.305530573870490096e+00
-1.309619256158727429e+00
-1.279528934906907001e+00
-1.220129391870916624e+00
-1.137115576863745314e+00
-1.036588538614389154e+00
-9.246654307338222356e-01
-8.071365156394977314e-01
-6.891787078285869228e-01
-5.751293734981798300e-01
-4.683211640194259728e-01
-3.709781135988906575e-01
-2.841739412520666308e-01
-2.078541054475350480e-01
-1.409225381164848634e-01
-8.139150055166008424e-02
-2.658878054229958654e-02
2.658878054226484003e-02
8.139150055129178163e-02
1.409225381183195069e-01
2.078541055650772462e-01
2.841739413937649505e-01
3.709781137697070186e-01
4.683211640445827939e-01
5.751293735370548443e-01
6.891787078647794162e-01
8.071365156684628950e-01
9.246654307666789530e-01
1.036588538582366326e+00
1.137115576955143759e+00
1.220129391748857373e+00
1.279528934920277417e+00
1.309619256118365271e+00
1.305530573871935607e+00
1.263638966009370979e+00
1.181952497573677707e+00
1.060421149927756046e+00
9.011288229911462722e-01
7.083322941705577636e-01
4.883253866331802029e-01
2.491253584353019801e-01
4.790579036138104825e-16
0.000000000000000000e+00
-5.528160771122962724e-02
-1.075082687857539104e-01
-1.538398494669125927e-01
-1.918459717082182658e-01
-2.196639568777636331e-01
-2.361075829615290333e-01
-2.407206591294137332e-01
-2.337757229364462452e-01
-2.162235110981613195e-01
-1.896024840811448564e-01
-1.559192912163918088e-01
-1.175108195478130474e-01
-7.689694778326273961e-02
-3.663110217565471172e-02
8.460414564873211009e-04
3.334529731682454867e-02
5.905565140447987388e-02
7.665348263535549933e-02
8.538772890306862984e-02
8.513362425819119561e-02
7.640792990652646444e-02
6.034038219465293756e-02
3.859943439561609735e-02
1.327490157995450150e-02
-1.327490157986068418e-02
-3.859943439590450553e-02
-6.034038219489269023e-02
-7.640792990651255889e-02
-8.513362425470956396e-02
-8.538772889912135677e-02
-7.665348263392392225e-02
-5.905565140580026212e-02
-3.334529731751948584e-02
-8.460414552364285906e-04
3.663110217683610698e-02
7.689694778330444236e-02
1.175108195514545373e-01
1.559192912084556015e-01
1.896024840947656831e-01
2.162235110988006415e-01
2.337757229453553687e-01
2.407206591216025926e-01
2.361075829619529720e-01
2.196639568787643326e-01
1.918459717065087167e-01
1.538398494671697203e-01
1.075082687861326491e-01
5.528160771120183697e-02
1.065801323292430567e-16
0.000000000000000000e+00
4.813443600445749817e-17
1.060844235135331947e-16
8.006686763387935611e-17
2.143071484907470473e-16
4.293088734856815279e-16
4.716784341578523201e-16
2.851165891996255802e-16
4.530780154414649239e-16
-1.503994024569889344e-16
9.689672728853504106e-16
7.586552859875453324e-16
1.034632089647291838e-15
8.560434474946332541e-16
1.222747248708825505e-15
5.550511801204509755e-16
1.878783657722073283e-15
1.602671152149812671e-15
8.656964703672807102e-16
1.427237193128027163e-15
6.923040178730843644e-16
5.888021815277705706e-16
5.623892270040240136e-16
5.704046947971950062e-16
6.591248356292397000e-17
-1.193227988025881040e-16
-4.112111813014031770e-16
-4.576322306547888629e-16
-5.888021815294741157e-16
-6.923040178729856582e-16
-1.233573121060444096e-15
-1.051818390742470061e-15
-8.322649176615312421e-16
-1.878783657722320196e-15
-1.189005210230604397e-15
-7.658805880999649326e-16
-8.560434474940406223e-16
-1.034632089647267187e-15
-1.447701883891014106e-15
-1.488452836973989363e-15
-4.244145711180045325e-16
-3.458328566983675542e-16
-5.061983614498002454e-16
-4.065957306162059954e-16
-3.718326812325063485e-16
-3.537743548225335441e-16
-1.231027518208888909e-16
-1.060844235135949107e-16
-5.808089567104020082e-17
-1.237455610794473251e-31
