-2.143424469397339863e-15
3.478016506716422596e-01
6.873564638974745122e-01
1.010720712898059315e+00
1.310540650422661990e+00
1.580307951418579826e+00
1.814570563476490150e+00
2.009088677908157816e+00
2.160928987093439169e+00
2.268494261632755915e+00
2.331489228403790914e+00
2.350827532156654964e+00
2.328487975675626931e+00
2.267330999417041415e+00
2.170888398570111733e+00
2.043140421126801165e+00
1.888294592179139419e+00
1.710579934786004230e+00
1.514068700444149096e+00
1.302535446338242586e+00
1.079360401826926719e+00
8.474808738420819276e-01
6.093909037080790236e-01
3.671860536829875676e-01
1.226470078573245470e-01
-1.226470079189228707e-01
-3.671860536523269825e-01
-6.093909040221995310e-01
-8.474808736580167201e-01
-1.079360401685725446e+00
-1.302535445667353464e+00
-1.514068701420426377e+00
-1.710579934999651330e+00
-1.888294592783769765e+00
-2.043140421602288370e+00
-2.170888398867307334e+00
-2.267330998703907419e+00
-2.328487975179504677e+00
-2.350827531117173574e+00
-2.331489226805226966e+00
-2.268494261746074603e+00
-2.160928987093344578e+00
-2.009088677032992987e+00
-1.814570563331734832e+00
-1.580307951732933036e+00
-1.310540650708962085e+00
-1.010720712693197409e+00
-6.873564640442699769e-01
-3.478016507166187266e-01
-2.810406772891846574e-15
-2.332006815481828337e-15
3.783923695130682607e-01
7.478135239151749714e-01
1.099621905196567218e+00
1.425817613797345951e+00
1.719320241220919421e+00
1.974198232778323181e+00
2.185838565299108360e+00
2.351049336891267494e+00
2.468092000594907631e+00
2.536644329552149468e+00
2.557699293924276418e+00
2.533408741714631596e+00
2.466883817395201017e+00
2.361966250164690084e+00
2.222985876518746906e+00
2.054520036346739520e+00
1.861169672050358326e+00
1.647365375399452381e+00
1.417214012970027692e+00
1.174393575343836149e+00
9.221002537255571507e-01
6.630480424043745380e-01
3.995174374405848772e-01
1.334463766812158669e-01
-1.334463766429806464e-01
-3.995174375027133462e-01
-6.630480424540257101e-01
-9.221002535914646359e-01
-1.174393575628424724e+00
-1.417214012776698784e+00
-1.647365375919804587e+00
-1.861169672294482380e+00
-2.054520033909098320e+00
-2.222985877669053867e+00
-2.361966249803211682e+00
-2.466883817384935895e+00
-2.533408741628580430e+00
-2.557699293566546128e+00
-2.536644329630755923e+00
-2.468091998903525042e+00
-2.351049337024866848e+00
-2.185838565002697020e+00
-1.974198232212135418e+00
-1.719320241821297168e+00
-1.425817614433815717e+00
-1.099621905422445867e+00
-7.478135239298605574e-01
-3.783923695506327678e-01
-3.057652895475094407e-15
-2.537054909298716442e-15
4.116529273233371367e-01
8.135470860824034478e-01
1.196282223461119454e+00
1.551155920173025171e+00
1.870465776287673298e+00
2.147758879226277173e+00
2.378016406936564575e+00
2.557765258189734325e+00
2.685113199237799453e+00
2.759708654627395674e+00
2.782630787018587348e+00
2.756219551971213377e+00
2.683858639690630543e+00
2.569726733081107106e+00
2.418533753811702436e+00
2.235259120823563261e+00
2.024908169958715476e+00
1.792301109659990344e+00
1.541906142977994554e+00
1.277725026463650826e+00
1.003235458159089877e+00
7.213906059429637807e-01
4.346720642266376222e-01
1.451887711016605076e-01
-1.451887711042068596e-01
-4.346720642250212485e-01
-7.213906053408777330e-01
-1.003235458381599443e+00
-1.277725026757801086e+00
-1.541906141992912538e+00
-1.792301108712031743e+00
-2.024908169661169932e+00
-2.235259121742473543e+00
-2.418533754375697065e+00
-2.569726733151409093e+00
-2.683858640221222558e+00
-2.756219551550022295e+00
-2.782630786871979289e+00
-2.759708652402210749e+00
-2.685113198112693222e+00
-2.557765258141078135e+00
-2.378016405936549837e+00
-2.147758880020897987e+00
-1.870465775552171195e+00
-1.551155921182744812e+00
-1.196282222225028891e+00
-8.135470865503168225e-01
-4.116529272523846705e-01
-3.326484697357412120e-15
-2.760174937885174689e-15
4.478435634755900119e-01
8.850714553786831473e-01
1.301457916344757493e+00
1.687536140813676200e+00
2.034926946402304537e+00
2.336610135108815545e+00
2.587125321670586953e+00
2.782693419601512730e+00
2.921254930707969599e+00
3.002426314318857870e+00
3.027380496900951012e+00
2.998662076703384027e+00
2.919951280725547882e+00
2.795793420456223366e+00
2.631311979393418987e+00
2.431923874538661767e+00
2.203074468123015439e+00
1.950007926574907291e+00
1.677585636588259987e+00
1.390161659927036553e+00
1.091520011662337586e+00
7.848741187027826749e-01
4.729244004352365915e-01
1.579658669958516615e-01
-1.579658670014770505e-01
-4.729244004863655260e-01
-7.848741185895433681e-01
-1.091520011691906378e+00
-1.390161659849925790e+00
-1.677585637409142683e+00
-1.950007926510650691e+00
-2.203074469143765590e+00
-2.431923875271311264e+00
-2.631311977657667001e+00
-2.795793421707791548e+00
-2.919951282983115348e+00
-2.998662077008817928e+00
-3.027380498267175479e+00
-3.002426314187673473e+00
-2.921254929935124700e+00
-2.782693415989415886e+00
-2.587125322632388258e+00
-2.336610134723485110e+00
-2.034926946337519915e+00
-1.687536141125796529e+00
-1.301457915918751818e+00
-8.850714554714256277e-01
-4.478435634795573939e-01
-3.619007429498282966e-15
-3.003250622062450338e-15
4.872694473629273215e-01
9.629897215167745328e-01
1.416035762442223955e+00
1.836108047242464014e+00
2.214090106782192091e+00
2.542343742480357882e+00
2.814927522428980478e+00
3.027729005535127804e+00
3.178506484389322484e+00
3.266841580960273994e+00
3.294009365330059058e+00
3.262777372839174017e+00
3.177148889094982831e+00
3.042068631605385320e+00
2.863110633873128474e+00
2.646168448808069229e+00
2.397166811020688293e+00
2.121811758929208036e+00
1.825393024207319304e+00
1.512648473460393994e+00
1.187695823049709887e+00
8.540320170579778214e-01
5.145958484971404623e-01
1.718850157931403333e-01
-1.718850157524269839e-01
-5.145958486621458050e-01
-8.540320171285417095e-01
-1.187695822907617327e+00
-1.512648473096763535e+00
-1.825393024047303747e+00
-2.121811759394236052e+00
-2.397166809882270488e+00
-2.646168448616272428e+00
-2.863110633590897791e+00
-3.042068632849073140e+00
-3.177148889649272334e+00
-3.262777371422805661e+00
-3.294009363354066799e+00
-3.266841581055951238e+00
-3.178506483448116704e+00
-3.027729006582698723e+00
-2.814927522566649909e+00
-2.542343741565628701e+00
-2.214090107223022130e+00
-1.836108047272947630e+00
-1.416035762480255089e+00
-9.629897215394533916e-01
-4.872694472711279756e-01
-3.937690043746176871e-15
-3.268540007683820424e-15
5.302963473892032820e-01
1.048024718462500227e+00
1.541078576963984315e+00
1.998249594726440703e+00
2.409616654146541581e+00
2.766867096192700437e+00
3.063534510345631290e+00
3.295142669009862857e+00
3.459251026345173674e+00
3.555403232736145114e+00
3.584985868385452523e+00
3.551009828362192255e+00
3.457831011825855505e+00
3.310830077970016383e+00
3.116072815646977467e+00
2.879972984361280908e+00
2.608978510876554413e+00
2.309299514945534426e+00
1.986693195995688832e+00
1.646316274023428061e+00
1.292650620507444392e+00
9.295025505398062382e-01
5.600709490559934167e-01
1.870746551770155197e-01
-1.870746552323233891e-01
-5.600709490801906165e-01
-9.295025499710587447e-01
-1.292650620619030688e+00
-1.646316274365063892e+00
-1.986693196287920848e+00
-2.309299513860708419e+00
-2.608978511484334906e+00
-2.879972983604964565e+00
-3.116072814999211182e+00
-3.310830076985979087e+00
-3.457831011023742018e+00
-3.551009827770531313e+00
-3.584985868938785458e+00
-3.555403233626502679e+00
-3.459251028101739234e+00
-3.295142668591217738e+00
-3.063534510292656776e+00
-2.766867096254342240e+00
-2.409616654538227376e+00
-1.998249594409427177e+00
-1.541078577190414967e+00
-1.048024718549813494e+00
-5.302963473454154197e-01
-4.285492032730560549e-15
-3.558812293766878981e-15
5.773727779844702868e-01
1.141062781152325734e+00
1.677889526668185471e+00
2.175650266006345479e+00
2.623543453164979056e+00
3.012518468656153470e+00
3.335534525686576934e+00
3.587717420216565589e+00
3.766409137809481944e+00
3.871111877807207335e+00
3.903334356163631114e+00
3.866353858134167876e+00
3.764912217896548619e+00
3.604867188199230466e+00
3.392822707207481248e+00
3.135761786236401338e+00
2.840704847027218705e+00
2.514413554288204455e+00
2.163156575813235172e+00
1.792548862470157989e+00
1.407470648462570528e+00
1.012066641332715511e+00
6.098201813455152998e-01
2.036919237020166640e-01
-2.036919237975789998e-01
-6.098201813326952214e-01
-1.012066641205311202e+00
-1.407470648622157094e+00
-1.792548863237059642e+00
-2.163156575412859883e+00
-2.514413553641459576e+00
-2.840704846946242146e+00
-3.135761785731935536e+00
-3.392822706735312721e+00
-3.604867188619593321e+00
-3.764912215233048975e+00
-3.866353856681188361e+00
-3.903334355004606238e+00
-3.871111878347248680e+00
-3.766409137956479913e+00
-3.587717421593964229e+00
-3.335534524579429227e+00
-3.012518467456517968e+00
-2.623543453409773019e+00
-2.175650266757488183e+00
-1.677889526867082592e+00
-1.141062781116706892e+00
-5.773727780672758270e-01
-4.666042734582518921e-15
-3.877540058195806757e-15
6.290611125222225208e-01
1.243215217042466181e+00
1.828102473361776337e+00
2.370428132734747617e+00
2.858423863828315703e+00
3.282228756332836728e+00
3.634171409832164468e+00
3.908940756866692290e+00
4.103640172778547424e+00
4.217726562781293431e+00
4.252842981675091671e+00
4.212559467772335253e+00
4.102041862045475717e+00
3.927672001025327653e+00
3.696644880081518814e+00
3.416568705301552100e+00
3.095092579671426147e+00
2.739583794464178990e+00
2.356872570884894547e+00
1.953076906342264829e+00
1.533514285949150402e+00
1.102700774948110585e+00
6.644318092892465000e-01
2.219332932825241467e-01
-2.219332933643415051e-01
-6.644318093782315415e-01
-1.102700774882297674e+00
-1.533514286403194760e+00
-1.953076906470506247e+00
-2.356872570618669283e+00
-2.739583794076680956e+00
-3.095092579942267719e+00
-3.416568705731834132e+00
-3.696644880818560797e+00
-3.927672000852556522e+00
-4.102041862381017978e+00
-4.212559468841828192e+00
-4.252842981030015679e+00
-4.217726562008468960e+00
-4.103640171570986261e+00
-3.908940756617309997e+00
-3.634171409584482149e+00
-3.282228755575291590e+00
-2.858423863505118678e+00
-2.370428133460745102e+00
-1.828102473269077155e+00
-1.243215216602966189e+00
-6.290611122642669750e-01
-5.083893228823076399e-15
-4.229167143173477545e-15
6.860809330110677617e-01
1.355903943864497085e+00
1.993807823849894634e+00
2.585292894270784014e+00
3.117524129373757003e+00
3.579746678968599660e+00
3.963593550984221725e+00
4.263271940907644719e+00
4.475622298574788438e+00
4.600051954890008510e+00
4.638352612888644977e+00
4.594417741026309621e+00
4.473881384117055937e+00
4.283703959327785249e+00
4.031732872774302479e+00
3.726266289597339743e+00
3.375647031276306720e+00
2.987910562131740555e+00
2.570506545973937129e+00
2.130107766557313376e+00
1.672513815536831094e+00
1.202650083648563850e+00
7.246558821390638450e-01
2.420492602877057087e-01
-2.420492602562394346e-01
-7.246558820838884252e-01
-1.202650084057972801e+00
-1.672513815602125753e+00
-2.130107766835403815e+00
-2.570506546526598157e+00
-2.987910561888874827e+00
-3.375647030541409244e+00
-3.726266289233680862e+00
-4.031732873008837537e+00
-4.283703960057875015e+00
-4.473881385345141126e+00
-4.594417740980099474e+00
-4.638352616308659471e+00
-4.600051958253212447e+00
-4.475622299307357999e+00
-4.263271941578730129e+00
-3.963593550953468103e+00
-3.579746678618091149e+00
-3.117524129489560369e+00
-2.585292894159687105e+00
-1.993807824199841816e+00
-1.355903943979854143e+00
-6.860809326680169518e-01
-5.544867367645741847e-15
-4.619477915611857337e-15
7.493687756902073227e-01
1.480979508392521016e+00
2.177725921794405384e+00
2.823770450205463245e+00
3.405093782876559061e+00
3.909948743625562440e+00
4.329196386109412487e+00
4.656509543537422857e+00
4.888437360568322454e+00
5.024332818218544716e+00
5.066153390765285813e+00
5.018152368660031115e+00
4.886484305289153340e+00
4.678752560960641738e+00
4.403529328500414231e+00
4.069879090018599932e+00
3.686914976253302889e+00
3.263414221147009187e+00
2.807513961547300596e+00
2.326502505818378364e+00
1.826714113473277834e+00
1.313527906914537802e+00
7.914641547771608110e-01
2.643643484742800309e-01
-2.643643484235424501e-01
-7.914641545811585965e-01
-1.313527907155818797e+00
-1.826714113079153767e+00
-2.326502505767209517e+00
-2.807513960900023253e+00
-3.263414221104243396e+00
-3.686914976410633926e+00
-4.069879090155595236e+00
-4.403529328940568810e+00
-4.678752560595182963e+00
-4.886484306694399926e+00
-5.018152368788287632e+00
-5.066153389843499610e+00
-5.024332814495095612e+00
-4.888437361286666061e+00
-4.656509545420042251e+00
-4.329196386967104182e+00
-3.909948743725172093e+00
-3.405093782641583466e+00
-2.823770451210903421e+00
-2.177725921047730662e+00
-1.480979507946369678e+00
-7.493687755299724973e-01
-6.056545625398808013e-15
-5.056098363495215240e-15
8.201591752377721534e-01
1.620881145487333530e+00
2.383442169462213212e+00
3.090507318018157257e+00
3.726732030088631298e+00
4.279258962086967877e+00
4.738085871853248143e+00
5.096288430793340041e+00
5.350090827904558033e+00
5.498786405357552809e+00
5.544519423023093196e+00
5.491947065358021796e+00
5.347807536038119203e+00
5.120424686234950507e+00
4.819182568932326660e+00
4.454003720591691362e+00
4.034863502075467956e+00
3.571369097264020631e+00
3.072426539856979666e+00
2.546012204895139242e+00
1.999057660741716980e+00
1.437448528707024220e+00
8.661299442229246637e-01
2.893037618081715223e-01
-2.893037618735325722e-01
-8.661299440645657821e-01
-1.437448528339649645e+00
-1.999057660656174296e+00
-2.546012204283731428e+00
-3.072426540547722240e+00
-3.571369095532090920e+00
-4.034863498740407728e+00
-4.454003721299780949e+00
-4.819182569731117027e+00
-5.120424685917801533e+00
-5.347807534108098615e+00
-5.491947066611375661e+00
-5.544519422487797833e+00
-5.498786407617962446e+00
-5.350090828172492152e+00
-5.096288430164102934e+00
-4.738085872991403491e+00
-4.279258964148266564e+00
-3.726732031113594967e+00
-3.090507317686577604e+00
-2.383442170119593584e+00
-1.620881145643290777e+00
-8.201591751025744115e-01
-6.628921649850351650e-15
-5.549159445777295937e-15
9.000918957087669092e-01
1.778848514557777483e+00
2.615717904869258259e+00
3.391672901133691020e+00
4.089871566467328634e+00
4.696202633032735996e+00
5.199689356355133185e+00
5.592734029131996465e+00
5.871195418579015168e+00
6.034301489766806803e+00
6.084409677959948581e+00
6.026635706043298235e+00
5.868379252127154722e+00
5.618780024490132696e+00
5.288140775307770269e+00
4.887354496004856053e+00
4.427371182369496339e+00
3.918735658190843907e+00
3.371222022965981502e+00
2.793582873760529051e+00
2.193422963366075340e+00
1.577198059946676389e+00
9.503308658396811825e-01
3.174276603829112031e-01
-3.174276604322706641e-01
-9.503308653977030618e-01
-1.577198060076033359e+00
-2.193422963537640769e+00
-2.793582873370786590e+00
-3.371222023361313269e+00
-3.918735657786923898e+00
-4.427371182491868673e+00
-4.887354495322285608e+00
-5.288140775008988825e+00
-5.618780023494908349e+00
-5.868379253163609199e+00
-6.026635706212849719e+00
-6.084409677914623060e+00
-6.034301489715276468e+00
-5.871195417521585469e+00
-5.592734029949878227e+00
-5.199689355680661151e+00
-4.696202633618360878e+00
-4.089871565817179366e+00
-3.391672901406615370e+00
-2.615717904472727007e+00
-1.778848514626101940e+00
-9.000918957892549699e-01
-7.275271309251457131e-15
-6.112137524740707345e-15
9.913476631318572929e-01
1.959189600161441280e+00
2.880883491404549801e+00
3.735467664115067699e+00
4.504388993033676236e+00
5.172104000755652464e+00
5.726523820290474909e+00
6.159283513721931058e+00
6.465827175740387567e+00
6.645311472744522163e+00
6.700341131893051916e+00
6.636559591090803067e+00
6.462125973835042281e+00
6.187115419777945213e+00
5.822883036276595092e+00
5.381432524554149666e+00
4.874828486853708398e+00
4.314687104814137975e+00
3.711773384339186244e+00
3.075724904496730527e+00
2.414912789334502818e+00
1.736440665449743070e+00
1.046272665029641891e+00
3.494724511906135422e-01
-3.494724511688435675e-01
-1.046272665320362227e+00
-1.736440665375902359e+00
-2.414912789554827910e+00
-3.075724905078430105e+00
-3.711773384795471920e+00
-4.314687105664540390e+00
-4.874828485737889849e+00
-5.381432526016020290e+00
-5.822883035618287018e+00
-6.187115419528304905e+00
-6.462125973791440714e+00
-6.636559589077988264e+00
-6.700341131470834988e+00
-6.645311472395802888e+00
-6.465827177894363231e+00
-6.159283514238977020e+00
-5.726523817721068887e+00
-5.172104001289497432e+00
-4.504388992690838478e+00
-3.735467664608851379e+00
-2.880883490671835023e+00
-1.959189599558754269e+00
-9.913476629930720874e-01
-8.013253533583359596e-15
-6.762827468930018204e-15
1.096805046406871487e+00
2.167590102283806885e+00
3.187291681070120841e+00
4.132708118980003675e+00
4.983305837161021934e+00
5.721885057880996328e+00
6.335072426528200573e+00
6.813618947645411872e+00
7.152493848073566696e+00
7.350777081644140232e+00
7.411365954019980329e+00
7.340521082448786316e+00
7.147286677443259073e+00
6.842825915775281764e+00
6.439716216171941454e+00
5.951249853176779681e+00
5.390782893767426032e+00
4.771171318566301167e+00
4.104325070129794639e+00
3.400902441852372782e+00
2.670156411377097694e+00
1.919933940233189862e+00
1.156818186733890252e+00
3.863937277248784552e-01
-3.863937277420916860e-01
-1.156818186884423838e+00
-1.919933939182181248e+00
-2.670156410574135997e+00
-3.400902442253560309e+00
-4.104325072500930816e+00
-4.771171319908408037e+00
-5.390782897225372849e+00
-5.951249855202089378e+00
-6.439716232071577728e+00
-6.842825912372428654e+00
-7.147286677940503097e+00
-7.340521083479680797e+00
-7.411365953174418486e+00
-7.350777082528042072e+00
-7.152493844950203794e+00
-6.813618960372100020e+00
-6.335072426855826500e+00
-5.721885057527674512e+00
-4.983305837224987656e+00
-4.132708117914922319e+00
-3.187291681279298849e+00
-2.167590103084419795e+00
-1.096805046435291642e+00
-8.866184483438726745e-15
-7.524229565198752393e-15
1.220182738982562576e+00
2.411393392258045942e+00
3.545726254532550303e+00
4.597351234925723951e+00
5.543412532707503892e+00
6.364770436434438849e+00
7.046549964206697325e+00
7.578472299534523948e+00
7.954958499220119883e+00
8.175008882633193252e+00
8.241874890538831266e+00
8.162552178451049301e+00
7.947133591464069724e+00
7.608067787825999240e+00
7.159373331421205577e+00
6.615858902568542810e+00
5.992397814488474417e+00
5.303299663838566325e+00
4.561813781123717604e+00
3.779789122991728423e+00
2.967503753347203510e+00
2.133664779878895690e+00
1.285567697361360340e+00
4.293928382684332745e-01
-4.293928382596149396e-01
-1.285567697531005749e+00
-2.133664779381426069e+00
-2.967503752566406305e+00
-3.779789123587114830e+00
-4.561813779146938863e+00
-5.303299664839112637e+00
-5.992397813701182407e+00
-6.615858902466302816e+00
-7.159373332981701310e+00
-7.608067788028039402e+00
-7.947133590121659985e+00
-8.162552178342737719e+00
-8.241874892041069600e+00
-8.175008883869880449e+00
-7.954958498512100462e+00
-7.578472299013880864e+00
-7.046549964643964437e+00
-6.364770436632305461e+00
-5.543412532513441349e+00
-4.597351234069015469e+00
-3.545726253813087148e+00
-2.411393392278343484e+00
-1.220182738570216863e+00
-9.864197707232098546e-15
-8.424660634400291962e-15
1.366054939778651667e+00
2.699628543212768239e+00
3.969437453190549636e+00
5.146529956530073946e+00
6.205295189308183801e+00
7.124295801030137376e+00
7.886883304502767977e+00
8.481569090085031348e+00
8.902139425763238023e+00
9.147518290862544532e+00
9.221397132462717749e+00
9.131663943344104695e+00
8.889675188433731279e+00
8.509422074595217822e+00
8.006647225292434555e+00
7.397968632045937909e+00
6.700065004933823509e+00
5.928970550798495331e+00
5.099518136561176362e+00
4.224958385840748676e+00
3.316769408092838933e+00
2.384658119926203579e+00
1.436740668735025706e+00
4.798768922060412390e-01
-4.798768922019741034e-01
-1.436740669045045493e+00
-2.384658120016681426e+00
-3.316769407307823769e+00
-4.224958386615752737e+00
-5.099518135639281802e+00
-5.928970550598025469e+00
-6.700065003395560659e+00
-7.397968632773005204e+00
-8.006647225876143636e+00
-8.509422073398795305e+00
-8.889675189111327924e+00
-9.131663946860447467e+00
-9.221397132296543120e+00
-9.147518289399606317e+00
-8.902139410853559198e+00
-8.481569089479439327e+00
-7.886883302400385709e+00
-7.124295801977500453e+00
-6.205295187427445569e+00
-5.146529956367753122e+00
-3.969437453973625907e+00
-2.699628543202631903e+00
-1.366054939707746829e+00
-1.104438553132814081e-14
-9.495179799662355540e-15
1.539429459767541086e+00
3.042171983560399529e+00
4.472898115046109346e+00
5.798920252407884668e+00
6.991335586870405905e+00
8.025968419859649927e+00
8.884065681066740439e+00
9.552715038151530891e+00
1.002497247644953937e+01
1.029970396198897831e+01
1.038116303702710219e+01
1.027834116831065892e+01
1.000414060278617789e+01
9.574428011683181694e+00
9.007032687690013972e+00
8.320753638698462851e+00
7.534437046313388286e+00
6.666178268520072336e+00
5.732692506622270479e+00
4.748885242406443830e+00
3.727638942809959222e+00
2.679817078361933724e+00
1.614471165260665586e+00
5.392224313666650337e-01
-5.392224313444546890e-01
-1.614471165545375841e+00
-2.679817078095465988e+00
-3.727638942411181766e+00
-4.748885241185315742e+00
-5.732692507430401818e+00
-6.666178268060187762e+00
-7.534437043149631030e+00
-8.320753637484317622e+00
-9.007032688482704330e+00
-9.574428013538060611e+00
-1.000414060060060351e+01
-1.027834116868418768e+01
-1.038116303708268440e+01
-1.029970396363477825e+01
-1.002497247342297548e+01
-9.552715039138176323e+00
-8.884065682850318169e+00
-8.025968421061660862e+00
-6.991335587402563334e+00
-5.798920254729234003e+00
-4.472898115821752896e+00
-3.042171983810936009e+00
-1.539429459896376029e+00
-1.244741722781898846e-14
-1.075935738322723809e-14
1.744081361613197378e+00
3.446445652776070290e+00
5.066927385533382733e+00
6.568380262476852138e+00
7.917982396185470506e+00
9.088311275875888384e+00
1.005813557441565465e+01
1.081288895630695102e+01
1.134481106856344113e+01
1.165276135316720740e+01
1.174173101065549751e+01
1.162209566526929372e+01
1.130866586842094001e+01
1.081960244656511172e+01
1.017526961862265544e+01
9.397099620415229282e+00
8.506538949460342280e+00
7.524138121642005572e+00
6.468835129974456422e+00
5.357468047157487590e+00
4.204535386139517605e+00
3.022205253684616899e+00
1.820556847208135709e+00
6.080216998530521000e-01
-6.080217000728200816e-01
-1.820556846474084001e+00
-3.022205253063020791e+00
-4.204535386065562541e+00
-5.357468047517522258e+00
-6.468835128982136418e+00
-7.524138119358876331e+00
-8.506538951925017855e+00
-9.397099621084429089e+00
-1.017526961395835627e+01
-1.081960244825328843e+01
-1.130866586602311941e+01
-1.162209565974732506e+01
-1.174173100847321649e+01
-1.165276135112433309e+01
-1.134481106612211398e+01
-1.081288895606163614e+01
-1.005813557758669496e+01
-9.088311276865052690e+00
-7.917982393658276941e+00
-6.568380262285979043e+00
-5.066927385627192137e+00
-3.446445652729161591e+00
-1.744081360766065236e+00
-1.410411512196920843e-14
-1.220311829373091419e-14
1.977652294780807729e+00
3.907716482573442729e+00
5.744389026277587185e+00
7.445338245911317543e+00
8.973203481144942373e+00
1.029682776154493240e+01
1.139216284449527983e+01
1.224280688839070130e+01
1.284015788962139482e+01
1.318319015755109902e+01
1.327788345543612714e+01
1.313635468230607550e+01
1.277575820878807278e+01
1.221703266951499600e+01
1.148357823545201306e+01
1.059994945076351414e+01
9.590644148254922285e+00
8.479059504522220792e+00
7.286672711796181368e+00
6.032486659628268022e+00
4.732761838378775288e+00
3.401035216576452580e+00
2.048407055445558012e+00
6.840578736740240418e-01
-6.840578737047195990e-01
-2.048407054962602558e+00
-3.401035216592588561e+00
-4.732761837411919359e+00
-6.032486661145322060e+00
-7.286672711880630260e+00
-8.479059504717692874e+00
-9.590644151684340812e+00
-1.059994945071586869e+01
-1.148357822922401361e+01
-1.221703266793775811e+01
-1.277575820866620759e+01
-1.313635468139987239e+01
-1.327788345726621166e+01
-1.318319015727223231e+01
-1.284015788381528012e+01
-1.224280688601592537e+01
-1.139216284459190653e+01
-1.029682775870512756e+01
-8.973203484987767098e+00
-7.445338246256953063e+00
-5.744389027860550279e+00
-3.907716482373174927e+00
-1.977652294209129025e+00
-1.599590492034186091e-14
-1.369719936865593752e-14
2.219067392185108289e+00
4.384206051999648857e+00
6.443536595374723674e+00
8.349165350411858810e+00
1.005890229518641377e+01
1.153766987687896695e+01
1.275853221684323735e+01
1.370329926775682416e+01
1.436268740086677020e+01
1.473604553615745338e+01
1.483068233380982193e+01
1.466085284405563627e+01
1.424648177001275506e+01
1.361171346936994553e+01
1.278338602881472852e+01
1.178952718564074331e+01
1.065796464058033521e+01
9.415132142617174793e+00
8.085136893430494354e+00
6.689134184290768559e+00
5.245032993938888666e+00
3.767533140416414739e+00
2.268471402356435629e+00
7.574330523353594025e-01
-7.574330521466483557e-01
-2.268471402637942447e+00
-3.767533139620402149e+00
-5.245032995988601066e+00
-6.689134183470822670e+00
-8.085136896896745640e+00
-9.415132141946529032e+00
-1.065796464031564561e+01
-1.178952718565908953e+01
-1.278338603167315668e+01
-1.361171346661564741e+01
-1.424648176869175487e+01
-1.466085284492036500e+01
-1.483068232757203830e+01
-1.473604553027964847e+01
-1.436268740031159652e+01
-1.370329926682098964e+01
-1.275853220931881360e+01
-1.153766987322024562e+01
-1.005890230001152297e+01
-8.349165348577161083e+00
-6.443536596003005990e+00
-4.384206051806788906e+00
-2.219067392863140586e+00
-1.795314960988048553e-14
-1.482599593720480692e-14
2.400802090103676623e+00
4.742272477472178061e+00
6.967383515481914813e+00
9.023586323572544643e+00
1.086473574843401302e+01
1.245266219895775528e+01
1.375831071404206085e+01
1.476239661236641787e+01
1.545555787558824790e+01
1.583801671540160250e+01
1.591879202291733897e+01
1.571453103365830373e+01
1.524804843057169457e+01
1.454667645297388390e+01
1.364053609911173481e+01
1.256084007344390230e+01
1.133833154614144689e+01
1.000194987794990986e+01
8.577796281134181910e+00
7.088450300279806271e+00
5.552662926009746869e+00
3.985426113816755045e+00
2.398392636419927726e+00
8.005964612339108166e-01
-8.005964613645526473e-01
-2.398392637370855951e+00
-3.985426113736058706e+00
-5.552662925833065977e+00
-7.088450300435749973e+00
-8.577796283083072737e+00
-1.000194987842691674e+01
-1.133833154830632317e+01
-1.256084007259118174e+01
-1.364053610144895856e+01
-1.454667645138107979e+01
-1.524804842777836633e+01
-1.571453103907427895e+01
-1.591879203365744821e+01
-1.583801671918874732e+01
-1.545555788003286324e+01
-1.476239661515596246e+01
-1.375831071695224850e+01
-1.245266219694331866e+01
-1.086473575280179560e+01
-9.023586318009741092e+00
-6.967383515502151958e+00
-4.742272476344401078e+00
-2.400802088814645963e+00
-1.943081486841268781e-14
-1.462786701917006363e-14
2.366922023754370219e+00
4.673596394294047052e+00
6.862200903917371697e+00
8.879624238090498167e+00
1.067948141097334869e+01
1.222374814893249351e+01
1.348392970956058790e+01
1.444171120825776988e+01
1.508907094030030827e+01
1.542787248669322508e+01
1.546898335707625805e+01
1.523099546613518207e+01
1.473864427096451557e+01
1.402103741420513394e+01
1.310981160092960707e+01
1.203733421383969215e+01
1.083506022071090591e+01
9.532139264504792209e+00
8.154349194815511126e+00
6.723408356207992931e+00
5.256692696706444679e+00
3.767355948575364266e+00
2.264824536696420587e+00
7.556132486006972293e-01
-7.556132490683643566e-01
-2.264824537437088114e+00
-3.767355947127497995e+00
-5.256692697897626942e+00
-6.723408365004603482e+00
-8.154349191699289179e+00
-9.532139264174444904e+00
-1.083506022147711967e+01
-1.203733421166969997e+01
-1.310981160432202941e+01
-1.402103743331343644e+01
-1.473864427130564891e+01
-1.523099548030640449e+01
-1.546898335707514782e+01
-1.542787248833461966e+01
-1.508907094216408140e+01
-1.444171120912060680e+01
-1.348392970797267765e+01
-1.222374814998590864e+01
-1.067948141073518187e+01
-8.879624238442305639e+00
-6.862200903673753238e+00
-4.673596394553565680e+00
-2.366922023619051796e+00
-1.916827096464120712e-14
-1.170393978450573433e-14
1.891192266694187607e+00
3.731477726323455979e+00
5.472128315799377418e+00
7.068642373678336810e+00
8.482539924962610556e+00
9.682802546561612544e+00
1.064688142998315179e+01
1.136122554102683146e+01
1.182131755162715869e+01
1.203123447147209113e+01
1.200278091439969153e+01
1.175426780731927323e+01
1.130902831074546810e+01
1.069377324583883215e+01
9.936896353426719841e+00
9.066835401791012217e+00
8.110589234592596952e+00
7.092476130586693017e+00
6.033201324768462825e+00
4.949280370774950200e+00
3.852840507824331073e+00
2.751797123952364199e+00
1.650378362732930482e+00
5.499473542580243235e-01
-5.499473542691433181e-01
-1.650378363085404088e+00
-2.751797134124400301e+00
-3.852840508044488299e+00
-4.949280371018011770e+00
-6.033201325311515539e+00
-7.092476130026293291e+00
-8.110589259028254006e+00
-9.066835367896160847e+00
-9.936896319164716829e+00
-1.069377328433719043e+01
-1.130902835161796460e+01
-1.175426785017362974e+01
-1.200278091441014539e+01
-1.203123451361349261e+01
-1.182131759583070085e+01
-1.136122554181984334e+01
-1.064688142646352986e+01
-9.682802547030615159e+00
-8.482539922989204229e+00
-7.068642374688502095e+00
-5.472128315608464355e+00
-3.731477740248002384e+00
-1.891192273219399089e+00
-1.533266082879033071e-14
-5.996373336223317610e-15
9.658354500722403646e-01
1.902182572405556105e+00
2.780960186291917768e+00
3.576812337435001599e+00
4.268255224746249965e+00
4.838583610107082933e+00
5.276485498957426579e+00
5.576334764305100222e+00
5.738153861374157394e+00
5.767260655328367847e+00
5.673633394521162998e+00
5.471044014193149785e+00
5.176022777623347615e+00
4.806724757376600543e+00
4.381772063795030370e+00
3.919144453185424481e+00
3.435185741236966628e+00
2.943784479950775523e+00
2.455775461915502333e+00
1.978593865980325051e+00
1.516197885164338066e+00
1.069257976002604194e+00
6.355938186503835574e-01
2.108236383848212381e-01
-2.108236373608405878e-01
-6.355938187059231304e-01
-1.069257976042855107e+00
-1.516197887154202117e+00
-1.978593869197287081e+00
-2.455775459005425709e+00
-2.943784484119972511e+00
-3.435185735940743168e+00
-3.919144452520061161e+00
-4.381772063791917304e+00
-4.806724758335062297e+00
-5.176022776429162420e+00
-5.471044014414196965e+00
-5.673633394460675383e+00
-5.767260662086078682e+00
-5.738153855497519551e+00
-5.576334765175722019e+00
-5.276485498785525863e+00
-4.838583609928288176e+00
-4.268255225560386279e+00
-3.576812337432333067e+00
-2.780960185996373735e+00
-1.902182572409447658e+00
-9.658354492261367330e-01
-7.850698139683949080e-15
-7.507059976718521211e-16
1.186879851186685986e-01
2.310311279499530079e-01
3.310799395398333900e-01
4.136492669940355360e-01
4.746364682462548279e-01
5.112680283796442460e-01
5.222589752236410643e-01
5.078755362260183315e-01
4.698980473889642351e-01
4.114876823414712614e-01
3.369666759266876088e-01
2.515270143573261064e-01
1.608867904666846649e-01
7.091639977145178242e-02
-1.274160776761425369e-02
-8.503494757541343874e-02
-1.418233376619858488e-01
-1.801390470090441231e-01
-1.983694401500378235e-01
-1.963494880394937858e-01
-1.753578773930037638e-01
-1.380165826985753352e-01
-8.810018531552016308e-02
-3.026738835699431876e-02
3.026738835881506370e-02
8.810018531671547082e-02
1.380165826960179642e-01
1.753578773978405336e-01
1.963494880282635469e-01
1.983694401640478111e-01
1.801390470059307802e-01
1.418233376408596647e-01
8.503494757830437623e-02
1.274160777806615519e-02
-7.091639977412035611e-02
-1.608867904697980078e-01
-2.515270143357551946e-01
-3.369666759447005333e-01
-4.114876823843907627e-01
-4.698980473453775453e-01
-5.078755362313555066e-01
-5.222589752795698814e-01
-5.112680284252323348e-01
-4.746364682425855408e-01
-4.136492669949251022e-01
-3.310799395386658794e-01
-2.310311279506757354e-01
-1.186879851188075985e-01
-9.794578392539491352e-16
-1.178895060911202177e-15
1.946052455272422876e-01
3.892404600920232882e-01
5.837274583745079015e-01
7.774883809299656390e-01
9.693863295285385373e-01
1.157611527639268667e+00
1.339623333537619532e+00
1.512154713217992663e+00
1.671281602573213565e+00
1.812555238890281917e+00
1.931191261462191555e+00
2.022305432284827731e+00
2.081182438283343927e+00
2.103561604635296067e+00
2.085921650893900914e+00
2.025745980745973451e+00
1.921750505648326390e+00
1.774057680364453882e+00
1.584303246586573399e+00
1.355666005805527874e+00
1.092815588859704423e+00
8.017783620895333474e-01
4.897269650627546489e-01
1.647041198385330307e-01
-1.647041198209510116e-01
-4.897269650642557259e-01
-8.017783620912012355e-01
-1.092815588887224187e+00
-1.355666005812532715e+00
-1.584303246589575664e+00
-1.774057680365676903e+00
-1.921750505648770924e+00
-2.025745980812909686e+00
-2.085921650890120382e+00
-2.103561604467842905e+00
-2.081182438268666779e+00
-2.022305432318407092e+00
-1.931191261452406938e+00
-1.812555238895841692e+00
-1.671281602565207747e+00
-1.512154713218214930e+00
-1.339623333549183171e+00
-1.157611527651388528e+00
-9.693863296200482260e-01
-7.774883809330790374e-01
-5.837274583752862789e-01
-3.892404600973604079e-01
-1.946052455271589099e-01
-1.550588333057882356e-15
-7.603335741121213712e-15
1.242553340004861839e+00
2.469746054445151717e+00
3.666145380539210130e+00
4.816195887554323818e+00
5.904210759370654316e+00
6.914421590964296094e+00
7.831099605702480204e+00
8.638754980051832177e+00
9.322415526910571515e+00
9.867978973731032610e+00
1.026262691999524357e+01
1.049528253411174994e+01
1.055708911459906751e+01
1.044188285351634882e+01
1.014663098366840721e+01
9.671806034522065332e+00
9.021668715799560090e+00
8.204434937103441072e+00
7.232307932814364904e+00
6.121363210642572383e+00
4.891281650337211850e+00
3.564934630100519364e+00
2.167833613610478771e+00
7.274646810110717565e-01
-7.274646810142962883e-01
-2.167833613607587750e+00
-3.564934625955895164e+00
-4.891281648940882576e+00
-6.121363211838759533e+00
-7.232307933668307598e+00
-8.204434937868430922e+00
-9.021668716365741858e+00
-9.671806034469138780e+00
-1.014663097246796930e+01
-1.044188285347098422e+01
-1.055708908114986677e+01
-1.049528253370923991e+01
-1.026262692125258447e+01
-9.867978973729252701e+00
-9.322415540043499149e+00
-8.638754990956279300e+00
-7.831099606398087332e+00
-6.914421591407278633e+00
-5.904210751480135855e+00
-4.816195887792049213e+00
-3.666145380318497349e+00
-2.469746054479065478e+00
-1.242553340003527573e+00
-9.981627259511797008e-15
-1.491481291058698444e-14
2.431967798060032049e+00
4.826681948805774169e+00
7.147326314038171091e+00
9.357963944743701745e+00
1.142398587107519070e+01
1.331256919336271949e+01
1.499314382177001548e+01
1.643786508674807223e+01
1.762208647292616348e+01
1.852482333714685936e+01
1.912919780469440312e+01
1.942284861304106158e+01
1.939829324949641176e+01
1.905322405100054084e+01
1.839072423775836640e+01
1.741938604408469971e+01
1.615332014374988745e+01
1.461204552105870746e+01
1.282025320055723405e+01
1.080744166139875162e+01
8.607428956328831759e+00
6.257746915410951516e+00
3.798933337888833695e+00
1.273737536282259830e+00
-1.273737536260382885e+00
-3.798933324187335536e+00
-6.257746915171447988e+00
-8.607428924398714543e+00
-1.080744166018788732e+01
-1.282025315154048251e+01
-1.461204557497072898e+01
-1.615332008007400688e+01
-1.741938604431664572e+01
-1.839072423815375856e+01
-1.905322405194632651e+01
-1.939829317760133520e+01
-1.942284868501575090e+01
-1.912919780509401946e+01
-1.852482333950631954e+01
-1.762208646926043798e+01
-1.643786508837568050e+01
-1.499314387773794977e+01
-1.331256924163827371e+01
-1.142398591466762703e+01
-9.357963944047870797e+00
-7.147326313703265654e+00
-4.826681949627305457e+00
-2.431967797841876777e+00
-1.957201233617414399e-14
-1.920308652460665664e-14
3.128094476764410548e+00
6.204320138348819569e+00
9.177692935107435446e+00
1.199898164587401261e+01
1.462154298481677372e+01
1.700210827506970190e+01
1.910150739102898854e+01
2.088531728048477021e+01
2.232442393944199210e+01
2.339548896523085730e+01
2.408131367428195446e+01
2.437109609984657155e+01
2.426057833446794021e+01
2.375208370586215523e+01
2.285444536589687559e+01
2.158282959838642512e+01
1.995845890021707802e+01
1.800824105546191589e+01
1.576431192782346180e+01
1.326350038957435729e+01
1.054672465065368492e+01
7.658329877695339682e+00
4.645377332599617937e+00
1.556895569967615689e+00
-1.556895569798911971e+00
-4.645377332677534277e+00
-7.658329877270313446e+00
-1.054672465060687436e+01
-1.326350038682328147e+01
-1.576431192957604566e+01
-1.800824105210863380e+01
-1.995845889349661562e+01
-2.158282960489617963e+01
-2.285444536723449716e+01
-2.375208370371395361e+01
-2.426057833662192209e+01
-2.437109609935800236e+01
-2.408131367447720805e+01
-2.339548896663719191e+01
-2.232442393920160129e+01
-2.088531728194492842e+01
-1.910150739058022396e+01
-1.700210827233041400e+01
-1.462154298791665141e+01
-1.199898164787254906e+01
-9.177692934877882180e+00
-6.204320139680603141e+00
-3.128094476141271230e+00
-2.519464195146097351e-14
-2.014294651004779028e-14
3.279364856530425421e+00
6.502219325756307455e+00
9.613155659864888847e+00
1.255894175607925156e+01
1.528953622291152747e+01
1.775901948161978083e+01
1.992641857054086785e+01
2.175640736742728265e+01
2.321986901888475430e+01
2.429431260319229935e+01
2.496414123882652802e+01
2.522077394386666782e+01
2.506262808847559498e+01
2.449497304867327685e+01
2.352966908059962137e+01
2.218480658998199573e+01
2.048426300547824042e+01
1.845719385437927684e+01
1.613747386093726277e+01
1.356310259561890774e+01
1.077558676667255533e+01
7.819308846944635683e+00
4.740889103138490768e+00
1.588545587488679356e+00
-1.588545587036766626e+00
-4.740889101477110401e+00
-7.819308847875410251e+00
-1.077558677108025442e+01
-1.356310259807288254e+01
-1.613747385752671804e+01
-1.845719385685782399e+01
-2.048426300540997147e+01
-2.218480658067958089e+01
-2.352966908779197652e+01
-2.449497305249033374e+01
-2.506262808915886353e+01
-2.522077395101321073e+01
-2.496414124636268284e+01
-2.429431259817716438e+01
-2.321986901099478828e+01
-2.175640736644558260e+01
-1.992641856902789499e+01
-1.775901948328941771e+01
-1.528953621942520691e+01
-1.255894175609198271e+01
-9.613155661858700185e+00
-6.502219325635692826e+00
-3.279364856281053342e+00
-2.642493582166643767e-14
-1.924005464886786141e-14
3.131270358966925293e+00
6.207413395750114304e+00
9.174450830719282024e+00
1.198066744236055570e+01
1.457765688639982571e+01
1.692126900178598703e+01
1.897243320864225780e+01
2.069783798543618047e+01
2.207045284656484441e+01
2.306988613817577516e+01
2.368257842831392779e+01
2.390183768372030215e+01
2.372772827089597669e+01
2.316682990858973668e+01
2.223188643142972154e+01
2.094136575532236222e+01
1.931895375086829603e+01
1.739300292972562190e+01
1.519595599816420695e+01
1.276376043303191210e+01
1.013528728287460190e+01
7.351762929082039655e+00
4.456218561308340043e+00
1.492958081168423989e+00
-1.492958081022865091e+00
-4.456218563595083282e+00
-7.351762934065456001e+00
-1.013528728441080951e+01
-1.276376042555251900e+01
-1.519595600093123799e+01
-1.739300292679236293e+01
-1.931895375132423354e+01
-2.094136576095855062e+01
-2.223188642894228195e+01
-2.316682991006823400e+01
-2.372772825675421871e+01
-2.390183768515121088e+01
-2.368257843766043180e+01
-2.306988615292473810e+01
-2.207045284749428404e+01
-2.069783797255171010e+01
-1.897243320874366290e+01
-1.692126900493790131e+01
-1.457765688321872233e+01
-1.198066744479270618e+01
-9.174450829774357885e+00
-6.207413397125955967e+00
-3.131270359127491520e+00
-2.523873076915998745e-14
-1.766672045932528961e-14
2.874532249247697013e+00
5.697794950463914709e+00
8.419627901657715796e+00
1.099205368288014562e+01
1.337028105816209056e+01
1.551360766266824776e+01
1.738619615286953746e+01
1.895770403912883140e+01
2.020375441755691881e+01
2.110624150330976079e+01
2.165347275381711967e+01
2.184015520086089879e+01
2.166724008151909686e+01
2.114164416152767245e+01
2.027586963883240045e+01
1.908754619111934048e+01
1.759891921632157263e+01
1.583630697507899932e+01
1.382954705330515388e+01
1.161144898838846196e+01
9.217265565132725769e+00
6.684190804383287166e+00
4.050887759523980058e+00
1.357044788407209435e+00
-1.357044788642314703e+00
-4.050887758856364762e+00
-6.684190805235534327e+00
-9.217265563138038686e+00
-1.161144899048907142e+01
-1.382954705421836117e+01
-1.583630697490362493e+01
-1.759891921771656698e+01
-1.908754619172226796e+01
-2.027586964069612208e+01
-2.114164416706623228e+01
-2.166724008272707280e+01
-2.184015519845329578e+01
-2.165347276021702072e+01
-2.110624150693134382e+01
-2.020375441660273808e+01
-1.895770404769246653e+01
-1.738619615166490107e+01
-1.551360766338589947e+01
-1.337028106127700688e+01
-1.099205368186375331e+01
-8.419627902325357738e+00
-5.697794951297301402e+00
-2.874532249696322594e+00
-2.317376940108199884e-14
-1.599130184330454050e-14
2.601489831332144398e+00
5.156190455467053901e+00
7.618348711815468910e+00
9.944248814040349771e+00
1.209314594998816439e+01
1.402810264198594403e+01
1.571670311072136705e+01
1.713162690946420952e+01
1.825106981186824839e+01
1.905900705404197026e+01
1.954530096908954562e+01
1.970566162470330696e+01
1.954147478096814083e+01
1.905951592615993206e+01
1.827157229422741835e+01
1.719399673875722812e+01
1.584721676204791230e+01
1.425522166191736595e+01
1.244504720398729702e+01
1.044627437147384619e+01
8.290553752628310846e+00
6.011162757121788935e+00
3.642597774259590082e+00
1.220198907770527308e+00
-1.220198907953134793e+00
-3.642597773951884221e+00
-6.011162758036740605e+00
-8.290553751832673512e+00
-1.044627437138433734e+01
-1.244504720539299569e+01
-1.425522165796418506e+01
-1.584721676338389429e+01
-1.719399673813203577e+01
-1.827157230137690647e+01
-1.905951591807980350e+01
-1.954147478602716959e+01
-1.970566162198550586e+01
-1.954530097367356589e+01
-1.905900705835190934e+01
-1.825106980918880950e+01
-1.713162691369386437e+01
-1.571670311707945977e+01
-1.402810264443285782e+01
-1.209314594693667999e+01
-9.944248812297885820e+00
-7.618348713210479239e+00
-5.156190456177053960e+00
-2.601489831918076590e+00
-2.097538031333480496e-14
-1.443023809424699156e-14
2.347245127613297733e+00
4.652036094227040230e+00
6.872873097839863554e+00
8.970132373942961479e+00
1.090692411786494986e+01
1.264985895288432438e+01
1.416969976430676148e+01
1.544188145557206759e+01
1.644688765377733120e+01
1.717048005837608926e+01
1.760378277478026021e+01
1.774323037980728301e+01
1.759039342799175287e+01
1.715169991422856199e+01
1.643807351289445506e+01
1.546451160600285846e+01
1.424962545520458868e+01
1.281516417557996057e+01
1.118554112620924101e+01
9.387377967950486735e+00
7.449077312966426057e+00
5.400430250275669586e+00
3.272260261865279851e+00
1.096100715788339786e+00
-1.096100716113225237e+00
-3.272260261221185296e+00
-5.400430250477474381e+00
-7.449077313748782458e+00
-9.387377968195037781e+00
-1.118554112511144538e+01
-1.281516417653525330e+01
-1.424962545803377267e+01
-1.546451161307591704e+01
-1.643807351943302564e+01
-1.715169991007383388e+01
-1.759039342978820031e+01
-1.774323037488841237e+01
-1.760378277394507762e+01
-1.717048005725116155e+01
-1.644688765501287975e+01
-1.544188145181537308e+01
-1.416969976111612439e+01
-1.264985895221683343e+01
-1.090692411529191830e+01
-8.970132372694974876e+00
-6.872873100593021256e+00
-4.652036093329507516e+00
-2.347245127914679319e+00
-1.892729739455537215e-14
-1.304261616182621262e-14
2.121336990576124126e+00
4.204155918474318021e+00
6.210813573931134535e+00
8.105386029322113828e+00
9.854453836251916954e+00
1.142780218066382680e+01
1.279901455855031145e+01
1.394594391746207052e+01
1.485105116251714641e+01
1.550160725406603923e+01
1.588976144577961236e+01
1.601248387662919015e+01
1.587139587558241871e+01
1.547250514428604262e+01
1.482586585348420805e+01
1.394518497402268409e+01
1.284739610343843630e+01
1.155222091039833288e+01
1.008173557987923630e+01
8.459956504704715385e+00
6.712455146824802377e+00
4.866007794727406299e+00
2.948281239778303586e+00
9.875514510349130415e-01
-9.875514508133305114e-01
-2.948281240583819240e+00
-4.866007795335985264e+00
-6.712455149835172108e+00
-8.459956505003692229e+00
-1.008173558244555501e+01
-1.155222090832545234e+01
-1.284739610475081584e+01
-1.394518495020046345e+01
-1.482586585655712419e+01
-1.547250514560123058e+01
-1.587139587259498086e+01
-1.601248387266110740e+01
-1.588976144389432221e+01
-1.550160725187329369e+01
-1.485105116171129325e+01
-1.394594391524297450e+01
-1.279901455803046773e+01
-1.142780217704111578e+01
-9.854453835943926876e+00
-8.105386029160200678e+00
-6.210813573627769202e+00
-4.204155918523523994e+00
-2.121336990298049230e+00
-1.710690922645014355e-14
-1.182675263184313984e-14
1.923445629700620385e+00
3.811869135923830587e+00
5.631049647607057729e+00
7.348340657159321054e+00
8.933388333586714580e+00
1.035877121656978339e+01
1.160054149000870716e+01
1.263865306371536690e+01
1.345726721727910125e+01
1.404493253711582135e+01
1.439464154147534103e+01
1.450377189993210436e+01
1.437392468463244022e+01
1.401067587360754096e+01
1.342325964034006525e+01
1.262420352290726200e+01
1.162893509175567175e+01
1.045537886188853172e+01
9.123559679620175444e+00
7.655225536311154322e+00
6.073499128967353222e+00
4.402563115476469946e+00
2.667380042657716555e+00
8.934437897747139479e-01
-8.934437898851439463e-01
-2.667380043348742458e+00
-4.402563115810430361e+00
-6.073499126558287387e+00
-7.655225537337519093e+00
-9.123559680720042309e+00
-1.045537886458287247e+01
-1.162893508575438339e+01
-1.262420352344148178e+01
-1.342325964233215885e+01
-1.401067586871762849e+01
-1.437392469224008984e+01
-1.450377189905156072e+01
-1.439464154029909793e+01
-1.404493253186196711e+01
-1.345726721470377107e+01
-1.263865305990317545e+01
-1.160054149269196344e+01
-1.035877121804379541e+01
-8.933388334958495491e+00
-7.348340655104614427e+00
-5.631049644578400404e+00
-3.811869136140808134e+00
-1.923445629796444845e+00
-1.551193492440729676e-14
-1.076160074604682260e-14
1.750118983607475531e+00
3.468307029085643034e+00
5.123367586536994089e+00
6.685546899176746827e+00
8.127191840918380095e+00
9.423335172292572892e+00
1.055219004083001266e+01
1.149554005015943048e+01
1.223901654682088491e+01
1.277226007698095600e+01
1.308896843830408407e+01
1.318683871137078434e+01
1.306741483892204414e+01
1.273585592011666634e+01
1.220064244380931662e+01
1.147323900273987007e+01
1.056773186443351342e+01
9.500458609542855370e+00
8.289644883922607121e+00
6.955060249873755929e+00
5.517701615306512153e+00
3.999508788390200298e+00
2.423112859760638838e+00
8.116144254071185893e-01
-8.116144253920201113e-01
-2.423112859814231523e+00
-3.999508788790173242e+00
-5.517701615210805599e+00
-6.955060249125885719e+00
-8.289644885318248058e+00
-9.500458610379171276e+00
-1.056773186325316338e+01
-1.147323900441547018e+01
-1.220064244464343162e+01
-1.273585592025687063e+01
-1.306741484063546821e+01
-1.318683871377119843e+01
-1.308896844004580551e+01
-1.277226008182184103e+01
-1.223901654714369869e+01
-1.149554005173627047e+01
-1.055219004145753381e+01
-9.423335173514535867e+00
-8.127191841386160576e+00
-6.685546900392350445e+00
-5.123367585684733605e+00
-3.468307028985891272e+00
-1.750118983604745271e+00
-1.411472271687975636e-14
-9.822977094674437749e-15
1.597405543937230776e+00
3.165622334044432939e+00
4.676135555912805053e+00
6.101754321534584413e+00
7.417214979539775044e+00
8.599717509948826333e+00
9.629378208467223033e+00
1.048958612534848456e+01
1.116725554788363795e+01
1.165297187581421134e+01
1.194103307398452962e+01
1.202939369743222819e+01
1.191952223742134009e+01
1.161618578947372349e+01
1.112717812534787321e+01
1.046300821487668919e+01
9.636566371140530052e+00
8.662783722770848627e+00
7.558299109464355681e+00
6.341144281432315566e+00
5.030455303601747197e+00
3.646214240279675334e+00
2.209021690230628998e+00
7.398973194996032454e-01
-7.398973194739321135e-01
-2.209021690397273474e+00
-3.646214241604759376e+00
-5.030455303140672463e+00
-6.341144279791531169e+00
-7.558299110084001349e+00
-8.662783724313950273e+00
-9.636566368580840702e+00
-1.046300821688214988e+01
-1.112717812436835807e+01
-1.161618579017815378e+01
-1.191952223777453135e+01
-1.202939369619241816e+01
-1.194103307402958336e+01
-1.165297187450785898e+01
-1.116725555194684105e+01
-1.048958612100162036e+01
-9.629378208462174626e+00
-8.599717509508925772e+00
-7.417214980882809172e+00
-6.101754321294983185e+00
-4.676135555828364154e+00
-3.165622333809847699e+00
-1.597405543904059533e+00
-1.288352363133034380e-14
-8.989193246521350446e-15
1.461766195267843793e+00
2.896791512693758897e+00
4.278954321159055496e+00
5.583349385265661269e+00
6.786841944830122486e+00
7.868560108999770542e+00
8.810310001644479527e+00
9.596902229253823080e+00
1.021638249963910106e+01
1.066016403400939616e+01
1.092306385530221746e+01
1.100324942582074961e+01
1.090210562941633832e+01
1.062403509858604700e+01
1.017620669214094242e+01
9.568268036556155209e+00
8.812037812123501013e+00
7.921192536710552012e+00
6.910960574250461619e+00
5.797833689695846893e+00
4.599303159958870069e+00
3.333624312151278080e+00
2.019609893661610922e+00
6.764496043485092036e-01
-6.764496043751736520e-01
-2.019609893883124396e+00
-3.333624312531936695e+00
-4.599303161217222602e+00
-5.797833689190622586e+00
-6.910960573751315117e+00
-7.921192534594997170e+00
-8.812037813823474508e+00
-9.568268035061503696e+00
-1.017620669256303145e+01
-1.062403509698751414e+01
-1.090210563258256116e+01
-1.100324942307321407e+01
-1.092306385408811309e+01
-1.066016403340658414e+01
-1.021638249981217328e+01
-9.596902228017102132e+00
-8.810310001091023580e+00
-7.868560107730098174e+00
-6.786841946064355646e+00
-5.583349384576811403e+00
-4.278954321633399616e+00
-2.896791512601906593e+00
-1.461766195453509276e+00
-1.178987170271984618e-14
-8.242464666047187784e-15
1.340300854216845750e+00
2.656061215427335753e+00
3.923310177460111348e+00
5.119195612096226533e+00
6.222493647414026441e+00
7.214061184635066404e+00
8.077217251639504880e+00
8.798042487371693809e+00
9.365590309187821205e+00
9.772007560992767239e+00
1.001256661225358435e+01
1.008561490122746740e+01
9.992451239219358072e+00
9.737140853558711839e+00
9.326282890500950273e+00
8.768745106204121953e+00
8.075380221309426787e+00
7.258737552051108821e+00
6.332781684831854108e+00
5.312627692439115812e+00
4.214299352201479110e+00
3.054513888606190886e+00
1.850493599233346886e+00
6.198018125556536972e-01
-6.198018126705053810e-01
-1.850493599637507369e+00
-3.054513889436003105e+00
-4.214299352060112192e+00
-5.312627692425230030e+00
-6.332781684963253888e+00
-7.258737550631670921e+00
-8.075380223378765265e+00
-8.768745104491152631e+00
-9.326282889674629928e+00
-9.737140856443799564e+00
-9.992451241541509432e+00
-1.008561489961051549e+01
-1.001256661121426639e+01
-9.772007560926530445e+00
-9.365590311032388371e+00
-8.798042488076665890e+00
-8.077217252746022425e+00
-7.214061184851272124e+00
-6.222493647117562254e+00
-5.119195614640381642e+00
-3.923310177723884795e+00
-2.656061215160246292e+00
-1.340300853893041433e+00
-1.081042798359072326e-14
-7.568762154880608224e-15
1.230722781451452308e+00
2.438895835565376036e+00
3.602493751220222418e+00
4.700520928403090437e+00
5.713480418275882045e+00
6.623790241478169527e+00
7.416134005070015078e+00
8.077736037399370517e+00
8.598555081681238832e+00
8.971394504926237801e+00
9.191930931543657479e+00
9.258666814986508342e+00
9.172815591487642806e+00
8.938130507121998747e+00
8.560689797129020562e+00
8.048651801069153677e+00
7.411993462948976763e+00
6.662244670265795143e+00
5.812229436570110153e+00
4.875822507418279272e+00
3.867727503976540859e+00
2.803279728195128051e+00
1.698273948048701021e+00
5.688148101537041645e-01
-5.688148100925563000e-01
-1.698273948301158631e+00
-2.803279727970096502e+00
-3.867727502813091967e+00
-4.875822506220868213e+00
-5.812229438930063274e+00
-6.662244675177181996e+00
-7.411993460989298121e+00
-8.048651799719669597e+00
-8.560689794974969402e+00
-8.938130513682668976e+00
-9.172815599694652988e+00
-9.258666812958541215e+00
-9.191930929803119099e+00
-8.971394506513972189e+00
-8.598555081388738586e+00
-8.077736036928152785e+00
-7.416134005102808402e+00
-6.623790241921448718e+00
-5.713480416675045248e+00
-4.700520925572168274e+00
-3.602493752668714855e+00
-2.438895835654977695e+00
-1.230722781204141025e+00
-9.926783270947054492e-15
-6.957186409045720887e-15
1.131255937946702872e+00
2.241773216730106988e+00
3.311296072870571372e+00
4.320517157173732414e+00
5.251509242496518404e+00
6.088108452381035818e+00
6.816236881092636146e+00
7.424155583041548212e+00
7.902642443245563086e+00
8.245093077078440302e+00
8.447546491120483836e+00
8.508640714701520835e+00
8.429506294824800960e+00
8.213607981488774357e+00
7.866546296879604050e+00
7.395831548876052430e+00
6.810642664075192698e+00
6.121582421282218966e+00
5.340439145688819167e+00
4.479962869337487774e+00
3.553661478562043285e+00
2.575619802409560233e+00
1.560341890230746209e+00
5.226142539637601558e-01
-5.226142542132812263e-01
-1.560341891228295363e+00
-2.575619802257017810e+00
-3.553661477702388716e+00
-4.479962871528965884e+00
-5.340439150140920077e+00
-6.121582421438779953e+00
-6.810642664172584126e+00
-7.395831551362221923e+00
-7.866546298020102412e+00
-8.213607980430669642e+00
-8.429506296657720554e+00
-8.508640714254946502e+00
-8.447546491607131003e+00
-8.245093076288428691e+00
-7.902642442816970814e+00
-7.424155577591650790e+00
-6.816236877379318493e+00
-6.088108453154928768e+00
-5.251509242111200848e+00
-4.320517156254740421e+00
-3.311296073393234174e+00
-2.241773217495089288e+00
-1.131255937377662502e+00
-9.124636276631538473e-15
-6.399283521348781243e-15
1.040523077574523780e+00
2.061962368436323967e+00
3.045678960580629369e+00
3.973907659695703920e+00
4.830154639198576128e+00
5.599550337931382238e+00
6.269146464159643273e+00
6.828148753993342090e+00
7.268080437544578665e+00
7.582874741292420673e+00
7.768898019152467249e+00
7.824908331585030297e+00
7.751956806881337592e+00
7.553241290380068307e+00
7.233923111092963154e+00
6.800918542214511753e+00
6.262676433856755764e+00
5.628952619765581034e+00
4.910590451153359126e+00
4.119314810608316613e+00
3.267544680257798984e+00
2.368227018285015806e+00
1.434692073210484420e+00
4.805281626296410424e-01
-4.805281626757501590e-01
-1.434692072904089732e+00
-2.368227018009189777e+00
-3.267544681030571052e+00
-4.119314808633522063e+00
-4.910590451924382371e+00
-5.628952619942343638e+00
-6.262676434081501320e+00
-6.800918542868938488e+00
-7.233923108787630341e+00
-7.553241291048595762e+00
-7.751956808161224899e+00
-7.824908330754778873e+00
-7.768898019417326495e+00
-7.582874741025198873e+00
-7.268080436954085677e+00
-6.828148751696121899e+00
-6.269146464036679411e+00
-5.599550338574038832e+00
-4.830154639790749549e+00
-3.973907661109533862e+00
-3.045678959720205192e+00
-2.061962367755721282e+00
-1.040523077258379114e+00
-8.392894902011717282e-15
-5.888445932920419482e-15
9.574479595309545177e-01
1.897329356341469264e+00
2.802487526119161743e+00
3.656570811351088413e+00
4.444398877389801328e+00
5.152287768908050403e+00
5.768323375930020092e+00
6.282575653955161599e+00
6.687248946417675199e+00
6.976766832043347577e+00
7.147793080998739335e+00
7.199193064390482455e+00
7.131942472838742830e+00
6.948992100972532171e+00
6.655098698980510541e+00
6.256632603162974426e+00
5.761372663448831588e+00
5.178298372480209188e+00
4.517387699451616889e+00
3.789427476654641858e+00
3.005841013849545273e+00
2.178535406977959887e+00
1.319768735324975184e+00
4.420352417208484597e-01
-4.420352419010815659e-01
-1.319768734988569836e+00
-2.178535407044278394e+00
-3.005841014334235339e+00
-3.789427476498241631e+00
-4.517387699456046235e+00
-5.178298374460677422e+00
-5.761372665119681713e+00
-6.256632602835849433e+00
-6.655098697643384575e+00
-6.948992099532818933e+00
-7.131942473671273319e+00
-7.199193063283453320e+00
-7.147793080451372738e+00
-6.976766832707317789e+00
-6.687248944280668184e+00
-6.282575655116407809e+00
-5.768323375568905398e+00
-5.152287769813775675e+00
-4.444398877113987290e+00
-3.656570811804231269e+00
-2.802487526262641193e+00
-1.897329356264748412e+00
-9.574479592305180642e-01
-7.722889929380898375e-15
-5.419433810575679817e-15
8.811772755880953323e-01
1.746182401909633031e+00
2.579220891832806561e+00
3.365239950723050377e+00
4.090265934229387668e+00
4.741703756990461649e+00
5.308588711774310909e+00
5.781783667898184653e+00
6.154117309528587931e+00
6.420462072372519202e+00
6.577753108485258515e+00
6.624952437465481125e+00
6.562964535039286673e+00
6.394511458422647898e+00
6.123976758596711534e+00
5.757228062187517814e+00
5.301428014766194075e+00
4.764842721169742390e+00
4.156655525770958093e+00
3.486792484003486958e+00
2.765763720713985130e+00
2.004523078083846777e+00
1.214346125124315945e+00
4.067247970436206339e-01
-4.067247969317744904e-01
-1.214346125360346695e+00
-2.004523078611111231e+00
-2.765763720884095722e+00
-3.486792483510996465e+00
-4.156655529150955708e+00
-4.764842717342830269e+00
-5.301428014496617713e+00
-5.757228061808211450e+00
-6.123976756799369703e+00
-6.394511454679382645e+00
-6.562964536855135478e+00
-6.624952437090967372e+00
-6.577753106871918831e+00
-6.420462072198453995e+00
-6.154117312041218923e+00
-5.781783665371433401e+00
-5.308588712495280859e+00
-4.741703755181781332e+00
-4.090265934381128510e+00
-3.365239950726798046e+00
-2.579220892654640274e+00
-1.746182401287987629e+00
-8.811772759167657565e-01
-7.107746873805524318e-15
-4.988010682398937300e-15
8.110212350812575632e-01
1.607154006760446840e+00
2.373857776990796697e+00
3.097275286456764309e+00
3.764543407525654306e+00
4.364068901177478921e+00
4.885760298691120163e+00
5.321209421678857687e+00
5.663818548543026132e+00
5.908871982743343132e+00
6.053553297229724350e+00
6.096912053859962377e+00
6.039785793249404122e+00
5.884684766419345792e+00
5.635647983043831744e+00
5.298079581748170064e+00
4.878574617779848133e+00
4.384742535478145520e+00
3.825035703306717938e+00
3.208588692254426000e+00
2.545072356309654005e+00
1.844564746416177625e+00
1.117439027369358628e+00
3.742667433366380081e-01
-3.742667433106366404e-01
-1.117439027640753313e+00
-1.844564746755895657e+00
-2.545072356243350598e+00
-3.208588691109863333e+00
-3.825035702653806879e+00
-4.384742537309366028e+00
-4.878574617007616965e+00
-5.298079582810835575e+00
-5.635647979649091255e+00
-5.884684766074506079e+00
-6.039785789205559752e+00
-6.096912053521453601e+00
-6.053553298208707467e+00
-5.908871983001785289e+00
-5.663818548030548072e+00
-5.321209423272232009e+00
-4.885760299475064627e+00
-4.364068900722828381e+00
-3.764543407776859141e+00
-3.097275287037248415e+00
-2.373857776585569290e+00
-1.607154005971406230e+00
-8.110212353154153675e-01
-6.541907827715499280e-15
-4.590674197585372638e-15
7.464096747687245514e-01
1.479113905118537797e+00
2.184727720459775480e+00
2.850495508703827507e+00
3.464577303595460123e+00
4.016302736947253038e+00
4.496384529094280325e+00
4.897085554868266577e+00
5.212335832221356213e+00
5.437798252388777343e+00
5.570884287731548312e+00
5.610723115857901178e+00
5.558089586272132898e+00
5.415297866620665701e+00
5.186068706317618293e+00
4.875378610326184692e+00
4.489299313184277551e+00
4.034835180084004769e+00
3.519765294587384741e+00
2.952495546730591780e+00
2.341924347321080013e+00
1.697323935457611288e+00
1.028237368472783908e+00
3.443896875015324821e-01
-3.443896875584711581e-01
-1.028237368451136113e+00
-1.697323936158407376e+00
-2.341924347714869903e+00
-2.952495546813982408e+00
-3.519765295643437319e+00
-4.034835179121455617e+00
-4.489299314759875870e+00
-4.875378610934688162e+00
-5.186068703798618174e+00
-5.415297866443540720e+00
-5.558089585198734639e+00
-5.610723114919865750e+00
-5.570884288145531826e+00
-5.437798251489855517e+00
-5.212335833209703395e+00
-4.897085555173132043e+00
-4.496384529857889056e+00
-4.016302739134817834e+00
-3.464577302507064971e+00
-2.850495508589953264e+00
-2.184727720335931878e+00
-1.479113905510286875e+00
-7.464096749887192406e-01
-6.020778154048133141e-15
-4.224461240630830561e-15
6.868602959500965666e-01
1.361106063168175506e+00
2.010417898653549695e+00
2.623055964014426422e+00
3.188123607498747347e+00
3.695801171857215017e+00
4.137542520696942283e+00
4.506228797456559576e+00
4.796276018227598748e+00
5.003695464034092488e+00
5.126107977600679710e+00
5.162715373569006339e+00
5.114233939811054341e+00
4.982796365259646976e+00
4.771829382131936192e+00
4.485914783478753165e+00
4.130641561572995890e+00
3.712456156822806275e+00
3.238517095966415127e+00
2.716558840280274723e+00
2.154768255981190261e+00
1.561675476208846725e+00
9.460592135971939154e-01
3.168651750203788642e-01
-3.168651749659621708e-01
-9.460592137517813693e-01
-1.561675476791797967e+00
-2.154768256483785116e+00
-2.716558840606406289e+00
-3.238517095574094729e+00
-3.712456155843577132e+00
-4.130641560058860406e+00
-4.485914784419605006e+00
-4.771829379011458983e+00
-4.982796365583155307e+00
-5.114233938897520204e+00
-5.162715371542761389e+00
-5.126107977334356747e+00
-5.003695466001582659e+00
-4.796276017940614977e+00
-4.506228798722725415e+00
-4.137542523296737329e+00
-3.695801174080366902e+00
-3.188123607470524146e+00
-2.623055964353106173e+00
-2.010417899201677017e+00
-1.361106062702684971e+00
-6.868602954542304406e-01
-5.540470757205374001e-15
-3.886809023704698994e-15
6.319560223706839341e-01
1.252303777731835321e+00
1.849706715102040100e+00
2.413361869459145215e+00
2.933242550237699309e+00
3.400313562272528234e+00
3.806712077204350120e+00
4.145889112160094925e+00
4.412708479092398051e+00
4.603502259686750975e+00
4.716083828544700651e+00
4.749721415170560235e+00
4.705076728446996981e+00
4.584114567465237045e+00
4.389990048965294100e+00
4.126920620981811005e+00
3.800049868807563680e+00
3.415309653174727789e+00
2.979286317595665867e+00
2.499095397470135982e+00
1.982268018665830356e+00
1.436650506934097349e+00
8.703174035565208744e-01
2.914965096134620182e-01
-2.914965097606229683e-01
-8.703174038345914409e-01
-1.436650506494720814e+00
-1.982268018149664135e+00
-2.499095399596483080e+00
-2.979286317136456308e+00
-3.415309654297202790e+00
-3.800049869464199759e+00
-4.126920621800257649e+00
-4.389990047207905199e+00
-4.584114567822425990e+00
-4.705076729747382558e+00
-4.749721415984440753e+00
-4.716083828831656000e+00
-4.603502259652082707e+00
-4.412708478054302219e+00
-4.145889113666669346e+00
-3.806712076853158155e+00
-3.400313559447492473e+00
-2.933242550143051020e+00
-2.413361870314211899e+00
-1.849706714716585987e+00
-1.252303777084477154e+00
-6.319560220893373215e-01
-5.097623810841336224e-15
-3.575457216342921732e-15
5.813290531102252023e-01
1.151978045628759162e+00
1.701517020751230902e+00
2.220007153269261568e+00
2.698224117378918319e+00
3.127856147058368563e+00
3.501670474142739131e+00
3.813643462195663414e+00
4.059051601992343272e+00
4.234522474249269308e+00
4.338046601550225922e+00
4.368953026174625442e+00
4.327852681523887135e+00
4.216555117207945180e+00
4.037964608444271519e+00
3.795962312930448057e+00
3.495280860311491988e+00
3.141377494579495444e+00
2.740310928618613140e+00
2.298626101029613178e+00
1.823249684941983695e+00
1.321397808721283207e+00
8.004961117011779592e-01
2.681108979905121315e-01
-2.681108979779570634e-01
-8.004961116118302078e-01
-1.321397809150454128e+00
-1.823249684825484440e+00
-2.298626101460836235e+00
-2.740310928928710421e+00
-3.141377495201210568e+00
-3.495280859299521925e+00
-3.795962312473945666e+00
-4.037964608049045445e+00
-4.216555114817447603e+00
-4.327852682509234050e+00
-4.368953024649442796e+00
-4.338046604222110858e+00
-4.234522471944331734e+00
-4.059051602727423713e+00
-3.813643461032493409e+00
-3.501670475810249261e+00
-3.127856146510466395e+00
-2.698224117635457553e+00
-2.220007152532565531e+00
-1.701517021674319841e+00
-1.151978046134133793e+00
-5.813290525204526382e-01
-4.689272334521116609e-15
