-1.059301438894940533e-17
2.108301902586174476e-02
4.122178239688763235e-02
5.955190358089498120e-02
7.535785142279186055e-02
8.812234458943581095e-02
9.755118958523623096e-02
1.035729496509634751e-01
1.063167460041027773e-01
1.060742002382721177e-01
1.032526912351072745e-01
9.832679966757257306e-02
9.179348054684494107e-02
8.413464702450569599e-02
7.578896384926477048e-02
6.713306834782079013e-02
5.847132881063350079e-02
5.003262677930506164e-02
4.197243819039292445e-02
3.437856533989502167e-02
2.727912226775677101e-02
2.065169524918326199e-02
1.443292973466627632e-02
8.528081809065465521e-03
2.820313950609081109e-03
-2.820313952014691979e-03
-8.528081811606143259e-03
-1.443292963581468795e-02
-2.065169523708833971e-02
-2.727912249831223462e-02
-3.437856533984864210e-02
-4.197243818129710313e-02
-5.003262675316588054e-02
-5.847132880339676875e-02
-6.713306835300464348e-02
-7.578896384741369563e-02
-8.413464705660637921e-02
-9.179348040658441565e-02
-9.832679966616264533e-02
-1.032526909110746127e-01
-1.060742001659042422e-01
-1.063167460109784301e-01
-1.035729496644020725e-01
-9.755118968793476120e-02
-8.812234459855229629e-02
-7.535785141369186202e-02
-5.955190353469837217e-02
-4.122178238168083819e-02
-2.108301899142726865e-02
-5.116962266608082293e-17
-1.135727202667542109e-17
2.279961616111313497e-02
4.457682529612479877e-02
6.439570377871849105e-02
8.148152628155995447e-02
9.527428532422668739e-02
1.054556368377688597e-01
1.119485931419746672e-01
1.148935119247964931e-01
1.146068873694366247e-01
1.115306889937853485e-01
1.061797119994634109e-01
9.909294567814609656e-02
9.079296614217066685e-02
8.175532238793015161e-02
7.238815487185315534e-02
6.302109096157337831e-02
5.390177309318251730e-02
4.519814416134159546e-02
3.700469979862695824e-02
2.935118151383561344e-02
2.221254042438771531e-02
1.551935276943689455e-02
9.168188328951399832e-03
3.031689103603299289e-03
-3.031689106485876278e-03
-9.168188347185130330e-03
-1.551935277131061448e-02
-2.221254043237985351e-02
-2.935118152283974075e-02
-3.700469978582773822e-02
-4.519814416947626895e-02
-5.390177305945303282e-02
-6.302109094352810470e-02
-7.238815489087353783e-02
-8.175532235518502555e-02
-9.079296603964209789e-02
-9.909294556682173016e-02
-1.061797121029132013e-01
-1.115306887815556008e-01
-1.146068870273495438e-01
-1.148935120526006215e-01
-1.119485933258921595e-01
-1.054556369541541083e-01
-9.527428531451995197e-02
-8.148152628635410566e-02
-6.439570372101910412e-02
-4.457682528104994074e-02
-2.279961616090091930e-02
-5.523807318295718606e-17
-1.210548181767644339e-17
2.463214608393611560e-02
4.815762951349798066e-02
6.956344738942030204e-02
8.801118210513249329e-02
1.028949896366565669e-01
1.138708185429958691e-01
1.208561061295658629e-01
1.240037886561323743e-01
1.236576418172346259e-01
1.202973595138232821e-01
1.144814474109234759e-01
1.067944605342552866e-01
9.780294449313148286e-02
8.802221960664746714e-02
7.789428456921032584e-02
6.777579811768431883e-02
5.793435585617965483e-02
4.855102313852707047e-02
3.972716808775401953e-02
3.149393899214553150e-02
2.382310699154439534e-02
1.663838392583552248e-02
0.000000000000000000e+00
3.248990035692911078e-03
-3.248990035664987234e-03
-9.826672792949388280e-03
-1.663838393061015108e-02
-2.382310699642621252e-02
0.000000000000000000e+00
-3.972716804245998018e-02
-4.855102324201848035e-02
-5.793435582559964409e-02
-6.777579799466540433e-02
-7.789428465750211639e-02
-8.802221964288961531e-02
-9.780294452108316550e-02
-1.067944605365633015e-01
-1.144814473865533588e-01
-1.202973595199325063e-01
-1.236576418126977966e-01
-1.240037885612006452e-01
-1.208561062284474741e-01
-1.138708184306228277e-01
-1.028949896366323086e-01
-8.801118200864967156e-02
-6.956344731068886400e-02
-4.815762951121849850e-02
-2.463214609855887000e-02
-5.951389944072613313e-17
-1.280129869299749344e-17
2.658219092890969776e-02
5.196686311649128392e-02
7.505796298886534268e-02
9.494857971061008983e-02
1.109837801014235958e-01
1.227922772210302271e-01
1.302861030653223451e-01
1.336324267738145388e-01
1.332051178022392590e-01
1.295251590978385436e-01
1.231986814439833544e-01
1.148597111919728297e-01
1.051223651858513297e-01
9.454483272699713836e-02
8.360544595703069126e-02
7.268970461457879839e-02
6.208631883837577997e-02
5.199003968330861980e-02
4.250915471313251176e-02
3.367583785786853329e-02
2.545795595467677599e-02
1.777137287488684755e-02
1.049215341244124841e-02
3.468390935225496453e-03
-3.468390933480519026e-03
-1.049215339296297352e-02
-1.777137292511733399e-02
-2.545795597911879038e-02
-3.367583782959370636e-02
-4.250915469818326853e-02
-5.199003964093734664e-02
-6.208631890080773541e-02
-7.268970467194499352e-02
-8.360544606925882083e-02
-9.454483277792881390e-02
-1.051223652728376368e-01
-1.148597111387871933e-01
0.000000000000000000e+00
-1.295251590485396176e-01
-1.332051178426132132e-01
-1.336324269956140065e-01
-1.302861030984973356e-01
-1.227922774231308967e-01
-1.109837799960709942e-01
-9.494857982841690969e-02
-7.505796307508345866e-02
-5.196686308110937819e-02
-2.658219094371820981e-02
-6.396394145454031836e-17
-1.339114427909370317e-17
2.864921001520638610e-02
5.600286291673340494e-02
8.087538922969389477e-02
1.022862479102765870e-01
1.195280326755161354e-01
1.322007785383426393e-01
0.000000000000000000e+00
1.437438876599176074e-01
1.432050467772191249e-01
1.391614421627246634e-01
1.322712763112103840e-01
1.232224057598537564e-01
1.126804747215562896e-01
1.012498736490305001e-01
8.944785845728810136e-02
7.769059043430319444e-02
6.628897166580649536e-02
5.545185232764322791e-02
4.529428771020217737e-02
3.584886161248729969e-02
2.707856600956914592e-02
1.889017726838741751e-02
1.114749470537095694e-02
3.684138422361641317e-03
-3.684138420871356859e-03
-1.114749470603563705e-02
-1.889017726508703671e-02
-2.707856602116808301e-02
-3.584886170862709720e-02
-4.529428758456509330e-02
-5.545185244055867574e-02
-6.628897164462917158e-02
-7.769059053054294672e-02
-8.944785845357805520e-02
-1.012498736287402445e-01
-1.126804747590823830e-01
-1.232224057018112967e-01
-1.322712763635895683e-01
-1.391614422779485216e-01
-1.432050471171373851e-01
-1.437438879581260376e-01
-1.402115656860513093e-01
-1.322007787838194726e-01
-1.195280326582156410e-01
-1.022862479757882248e-01
-8.087538920750256266e-02
-5.600286291403355765e-02
-2.864920999233586812e-02
-6.853377845174089809e-17
-1.379689003101885166e-17
3.082960729125803698e-02
6.025773406316924097e-02
8.700224071550433091e-02
1.100034390073838242e-01
1.284979513857399669e-01
1.420558578281320428e-01
1.505801548084939046e-01
1.542733634250144370e-01
1.535802791237647069e-01
1.491175748112112676e-01
1.416006685464044346e-01
1.317761842974550790e-01
1.203656758499398460e-01
1.080233341746702352e-01
9.530804020726683923e-02
8.266839951366408701e-02
7.043843411668641863e-02
5.884127057328294302e-02
4.799827905423213054e-02
3.794150868022973938e-02
2.862775483005140092e-02
1.995311744952453503e-02
1.176735699826856815e-02
3.887730836454448505e-03
-3.887730842623411849e-03
-1.176735699235307783e-02
-1.995311744664383588e-02
-2.862775487896242546e-02
-3.794150862185970835e-02
-4.799827908435430612e-02
-5.884127066086132507e-02
-7.043843411851095915e-02
-8.266839948945117755e-02
-9.530804020581308544e-02
-1.080233341406590941e-01
-1.203656758334750443e-01
-1.317761842571289754e-01
-1.416006684658163983e-01
-1.491175748296587611e-01
-1.535802790510157334e-01
-1.542733634341209581e-01
-1.505801548385960476e-01
-1.420558588393534827e-01
-1.284979513450727751e-01
-1.100034390135099932e-01
-8.700224119983998583e-02
-6.025773410764566351e-02
-3.082960728013431004e-02
-7.313864495708869194e-17
-1.390525377451653210e-17
3.311535992706678144e-02
6.471455258991874737e-02
9.341109024888667733e-02
1.180601745021311738e-01
1.378388679771718750e-01
1.522863068568231226e-01
1.613028829230763461e-01
1.651137031611847883e-01
1.642060981952542242e-01
1.592528974889255711e-01
1.510327738284777954e-01
1.403568134238904475e-01
1.280074063572986809e-01
1.146924531621469068e-01
1.010152506536552280e-01
8.745853511438442252e-02
7.438012408603165981e-02
6.201722908032495513e-02
5.049664835419259701e-02
3.984847147736700346e-02
3.002148584337909626e-02
2.089903692910803981e-02
1.231459784971437356e-02
4.066712939393001859e-03
-4.066712941322527843e-03
-1.231459784675050309e-02
-2.089903691132195124e-02
-3.002148583819224531e-02
-3.984847148772359404e-02
-5.049664836788549799e-02
-6.201722916266255020e-02
-7.438012405683161465e-02
-8.745853516959323226e-02
-1.010152506792838939e-01
-1.146924531373873096e-01
-1.280074063861114941e-01
-1.403568134300103298e-01
-1.510327738355662641e-01
-1.592528974818086251e-01
-1.642060980604350684e-01
-1.651137031671043032e-01
-1.613028829734236003e-01
-1.522863068506944695e-01
-1.378388679555499485e-01
-1.180601745146628023e-01
-9.341109032927655265e-02
-6.471455266959294517e-02
-3.311535991992987926e-02
-7.765022376510645089e-17
-1.355223520798047448e-17
3.549193126575240359e-02
6.934311068406907863e-02
1.000540010855411888e-01
1.263881955969387294e-01
1.474595612513165954e-01
1.627757523588896638e-01
1.722369428024692894e-01
1.760956052818363204e-01
1.748880396426277795e-01
1.693504840332260009e-01
1.603321750780421218e-01
1.487153501772917330e-01
1.353488541702786985e-01
1.209985809934638612e-01
1.063151030246202305e-01
9.181677454744753553e-02
7.788547743097307130e-02
6.477176569982642795e-02
5.260633032272887116e-02
4.141518858789687563e-02
3.113660802056797405e-02
2.163841674308725899e-02
1.273489045446244035e-02
4.202873984647574612e-03
-4.202873988760558871e-03
-1.273489045323453368e-02
-2.163841674228397099e-02
-3.113660804821111530e-02
-4.141518856767237300e-02
-5.260633053474805809e-02
-6.477176568177579752e-02
-7.788547744714387211e-02
-9.181677452835490527e-02
-1.063151030385188489e-01
-1.209985809638932513e-01
-1.353488541647993315e-01
-1.487153501729445992e-01
-1.603321750944699253e-01
-1.693504840301395808e-01
-1.748880395505252316e-01
-1.760956052762226998e-01
-1.722369427173368328e-01
-1.627757523950484064e-01
-1.474595612377752052e-01
-1.263881955763986320e-01
-1.000540010250057510e-01
-6.934311068661964950e-02
-3.549193127487421801e-02
-8.187712345079695215e-17
-1.249994621179645415e-17
3.793499887449024166e-02
7.409325114558534819e-02
1.068522572023892780e-01
1.348768327199393602e-01
1.572140277265791641e-01
1.733402002951162646e-01
1.831590284338923402e-01
1.869569005466381884e-01
1.853274984244317469e-01
1.790796847621038967e-01
1.691422902598146982e-01
1.564767649598464705e-01
1.420049494014405111e-01
1.265554697028107023e-01
1.108290479112913479e-01
9.538079301240999508e-02
8.061628364353783105e-02
6.679783460293359232e-02
5.405754114925876569e-02
4.241422806296488157e-02
3.179212725755498070e-02
2.203980935611624808e-02
1.294850990951303127e-02
4.269497318573809395e-03
-4.269497318135358037e-03
-1.294850990396572213e-02
-2.203980937760097181e-02
-3.179212725405678591e-02
-4.241422806798764156e-02
-5.405754115307308955e-02
-6.679783459655953826e-02
-8.061628366041549698e-02
-9.538079298243294646e-02
-1.108290479336178358e-01
-1.265554697409201068e-01
-1.420049494232056841e-01
-1.564767650184926695e-01
-1.691422902325078470e-01
-1.790796847578432216e-01
-1.853274986361528598e-01
-1.869569005510800797e-01
-1.831590284253572509e-01
-1.733402008854874610e-01
-1.572140277264215125e-01
-1.348768328459683252e-01
-1.068522571714519004e-01
-7.409325114401407730e-02
-3.793499886307261787e-02
-8.553549881157401036e-17
-1.040164927179375817e-17
4.040517921468759349e-02
7.888413033021550447e-02
1.136798347311804847e-01
1.433503000637140201e-01
1.668722609437220117e-01
1.836920999532818954e-01
1.937227204888190557e-01
1.972935871570657973e-01
1.950670507213893290e-01
1.879366245487542608e-01
1.769222301452967605e-01
1.630744942954054644e-01
1.473960388023010104e-01
1.307835166124801940e-01
1.139906050430632006e-01
9.760970432239002292e-02
8.206871696816621375e-02
6.763886516207696931e-02
5.444973276398405032e-02
4.250835157285653282e-02
3.171993403570137759e-02
2.190864592681614903e-02
1.283750654432816093e-02
4.227066700252021109e-03
-4.227066700471126225e-03
-1.283750654676658019e-02
-2.190864593304651942e-02
-3.171993403901524067e-02
-4.250835158947760539e-02
-5.444973275504737253e-02
-6.763886513090662522e-02
-8.206871696398582161e-02
-9.760970430682228138e-02
-1.139906050446559682e-01
-1.307835165033105762e-01
-1.473960387848596565e-01
-1.630744942825163857e-01
-1.769222301248161988e-01
-1.879366245245155387e-01
-1.950670507228442485e-01
-1.972935871695333798e-01
-1.937227204743411091e-01
-1.836920999483904471e-01
-1.668722609368714638e-01
-1.433503000696435825e-01
-1.136798347360257894e-01
-7.888413032835309147e-02
-4.040517921752487251e-02
-8.820407558207769781e-17
-6.748417697099295505e-18
4.283931986070180220e-02
8.358650636764046460e-02
1.203361691537856992e-01
1.515303388558291442e-01
1.760722468991489098e-01
1.933814111284982151e-01
2.033887383782921332e-01
2.064798354133140224e-01
2.034012805171745430e-01
1.951473922616333845e-01
1.828442480757685173e-01
1.676443324629730003e-01
1.506405412618422868e-01
1.328035377001493267e-01
1.149425201223786552e-01
9.768669830533269205e-02
8.148334193001564862e-02
6.660776097485235359e-02
5.318094970200449439e-02
4.119132915594191785e-02
3.051793910067051099e-02
2.095332994053386230e-02
1.222519298720305993e-02
4.016400905294799893e-03
-4.016400902657181471e-03
-1.222519298794977685e-02
-2.095332992792594759e-02
-3.051793910281089262e-02
-4.119132915745079421e-02
-5.318094966762041548e-02
-6.660776095398772412e-02
-8.148334192139677912e-02
-9.768669828078363482e-02
-1.149425201138590397e-01
-1.328035376350656382e-01
-1.506405423376681041e-01
-1.676443324506493859e-01
-1.828442481050587820e-01
-1.951473922784821569e-01
-2.034012807681937207e-01
-2.064798354606383612e-01
-2.033887383254400494e-01
-1.933814110972988110e-01
-1.760722468922134021e-01
-1.515303388390655259e-01
-1.203361691518606974e-01
-8.358650641990279795e-02
-4.283931986113387325e-02
-8.925427698332945098e-17
-7.873933391300322274e-19
4.513588369545145501e-02
8.799301553131838594e-02
1.265004681026832556e-01
1.589735708445332574e-01
1.842395082221054414e-01
2.016969183458605652e-01
2.113082424343694365e-01
2.135343033288169545e-01
2.092279520691623096e-01
1.995066806852419106e-01
1.856230833778680367e-01
1.688481364428266462e-01
1.503768967605971230e-01
1.312608566018595435e-01
1.123667193468774750e-01
9.435831515955837856e-02
7.769676263262380311e-02
6.265355402769919035e-02
4.933167301983049091e-02
3.769072966927916601e-02
2.757316607158828009e-02
1.872963058450197171e-02
1.084251883680142740e-02
3.547402479809357891e-03
-3.547402483318896904e-03
-1.084251883350184457e-02
-1.872963058025499741e-02
-2.757316607404294156e-02
-3.769072967318970457e-02
-4.933167301228336826e-02
-6.265355428583245512e-02
-7.769676290744501057e-02
-9.435831531824999396e-02
-1.123667192124103154e-01
-1.312608566533639554e-01
-1.503768967656901878e-01
-1.688481363915187716e-01
-1.856230838360384550e-01
-1.995066805739474924e-01
-2.092279521156173161e-01
-2.135343032394706464e-01
-2.113082423461917214e-01
-2.016969183430694923e-01
-1.842395083190975780e-01
-1.589735708163150241e-01
-1.265004680882407251e-01
-8.799301552287625006e-02
-4.513588368202923334e-02
-8.774072900030668816e-17
8.602324506122775152e-18
4.713020738857240377e-02
9.176781572976387691e-02
1.316542198076730841e-01
1.649651123305348466e-01
1.904503195509185676e-01
2.074982898690526101e-01
2.161241346046001433e-01
2.168924544385928688e-01
2.107945657951429130e-01
1.991031141223162382e-01
1.832256619411822829e-01
1.645742139538600157e-01
1.444613012106707450e-01
1.240270285684433454e-01
1.041963823883701734e-01
8.566265443999339368e-02
6.889108900887076781e-02
5.413649226114879837e-02
4.146912710204310459e-02
3.080431092547634628e-02
2.193242137652729254e-02
1.454723624140141607e-02
8.271587769796929709e-03
2.680162305398072105e-03
-2.680162296467455008e-03
-8.271587827063980186e-03
-1.454723624532540394e-02
-2.193242148213034662e-02
-3.080431095034935965e-02
-4.146912713625969249e-02
-5.413649241615844238e-02
-6.889108914200978151e-02
-8.566265439544476501e-02
-1.041963824795364701e-01
-1.240270285517015014e-01
-1.444613018656164816e-01
-1.645742138310610780e-01
-1.832256619330076830e-01
-1.991031141103238034e-01
-2.107945657709062448e-01
-2.168924535795887787e-01
-2.161241343678119986e-01
-2.074982897116032232e-01
-1.904503195929295456e-01
-1.649651127008476548e-01
-1.316542197243373014e-01
-9.176781594283583976e-02
-4.713020730713870371e-02
-8.223018328942221548e-17
2.309075479587791673e-17
4.855284103947776070e-02
9.436158527069256341e-02
1.349499121068554464e-01
1.683375788873366363e-01
1.931980013915308159e-01
2.089280225185665418e-01
2.156291064987533035e-01
2.140136948944239004e-01
2.052602001248140240e-01
1.908437917299503905e-01
1.723682334061003019e-01
1.514182228282577591e-01
1.294441078552905633e-01
1.076834290627209922e-01
8.711777717079501049e-02
6.845954738754583824e-02
5.216127850425362339e-02
3.844001631280120901e-02
2.730998972683829074e-02
1.861827844283783784e-02
1.207975450605289908e-02
7.309050614290926381e-03
3.848565491474448784e-03
1.192486309486919362e-03
-1.192486313547547932e-03
-3.848565471338285648e-03
-7.309050624660346114e-03
-1.207975446927411420e-02
-1.861827831759281168e-02
-2.730998973796688531e-02
-3.844001630760349869e-02
-5.216127795445677645e-02
-6.845954733227729849e-02
-8.711777713568297221e-02
-1.076834286377081201e-01
-1.294441078722366467e-01
-1.514182229481268738e-01
-1.723682333796041910e-01
-1.908437918353103058e-01
-2.052602001403705245e-01
-2.140136948660935901e-01
-2.156291065137325158e-01
-2.089280225793782864e-01
-1.931980012393747226e-01
-1.683375789036742343e-01
-1.349499120529429608e-01
-9.436158525052991408e-02
-4.855284108645482877e-02
-7.054143047997534004e-17
4.513166051242100939e-17
4.896139532553821228e-02
9.487167082868669388e-02
1.349932455831016065e-01
1.671679454788499164e-01
1.899976848613703639e-01
2.029198784714472958e-01
2.061774867072906081e-01
2.007012111479307415e-01
1.879329168589363441e-01
1.696234319949256331e-01
1.476350403118526777e-01
1.237715266343031445e-01
9.964911681358144813e-02
7.661257231522147770e-02
5.569355981804259559e-02
3.760388541804491475e-02
2.275419639708819303e-02
1.128872990599823038e-02
3.127940686495685445e-03
-1.987262930174426689e-03
-4.453934801062577054e-03
-4.770564992759749115e-03
-3.506496571103910696e-03
-1.277011224615158059e-03
1.277011262892486848e-03
3.506496395643470248e-03
4.770565266873364602e-03
4.453934924247884494e-03
1.987262820269611839e-03
-3.127940817692915175e-03
-1.128872993652397030e-02
-2.275419653010903737e-02
-3.760388616626444969e-02
-5.569355988787723366e-02
-7.661257254674679051e-02
-9.964911694489937688e-02
-1.237715266191197899e-01
-1.476350411736520873e-01
-1.696234319240736421e-01
-1.879329170581034991e-01
-2.007012112970794626e-01
-2.061774875805188201e-01
-2.029198784471090700e-01
-1.899976846825213728e-01
-1.671679454642823193e-01
-1.349932455939174269e-01
-9.487167097457253895e-02
-4.896139534560946943e-02
-4.938167874694233245e-17
7.815568489321983454e-17
4.763804111205042352e-02
9.182893610479653246e-02
1.295048259471568985e-01
1.582964435186507146e-01
1.767455908139460574e-01
1.843864160894663484e-01
1.816967176971036602e-01
1.699427716833207258e-01
1.509554310191250914e-01
1.268796687845699933e-01
9.993537775678740243e-02
7.221704783171319086e-02
4.554749417200136541e-02
2.138918749626672958e-02
8.079011557453267666e-04
-1.552193595388639755e-02
-2.728283059269067529e-02
-3.446297819603907908e-02
-3.729842598889378941e-02
-3.621625284163052655e-02
-3.178368043913619434e-02
-2.466564772396625735e-02
-1.559147376631984765e-02
-5.329819383121867094e-03
5.329819382983028500e-03
1.559147376766946945e-02
2.466564772456569798e-02
3.178368044025044192e-02
3.621625284504303294e-02
3.729842598710338131e-02
3.446297819474009733e-02
2.728283059241145767e-02
1.552193595357538938e-02
-8.079011511930740946e-04
-2.138918749602325767e-02
-4.554749415885282066e-02
-7.221704782761141639e-02
-9.993537775581839977e-02
-1.268796687891808050e-01
-1.509554310202337601e-01
-1.699427716743281691e-01
-1.816967176948111051e-01
-1.843864160980097644e-01
-1.767455908168225620e-01
-1.582964435173131734e-01
-1.295048259452505901e-01
-9.182893610340227275e-02
-4.763804110935559999e-02
-1.396034912434090947e-17
1.262863619052772865e-16
4.347011293989481995e-02
8.293884070060691949e-02
1.148855182331058045e-01
1.366711445345007714e-01
1.467978243799061278e-01
1.449958063342424719e-01
1.321419249384722383e-01
1.100430930413600489e-01
8.113681374896049292e-02
4.816550864634214918e-02
1.387415955458762284e-02
-1.923390332860646507e-02
-4.906569459067303129e-02
-7.402991598570196619e-02
-9.306064745897270341e-02
-1.055894174099192423e-01
-1.114836504636540909e-01
-1.109681259589699182e-01
-1.045428496828198633e-01
-9.290685920983207668e-02
-7.689370750793991793e-02
-5.742112881862457968e-02
-3.545497042148641753e-02
-1.198566078620631054e-02
1.198566079131246735e-02
3.545497030814970252e-02
5.742112881906098060e-02
7.689370744853973871e-02
9.290685921622519883e-02
1.045428494074109177e-01
1.109681265558214169e-01
1.114836501713007133e-01
1.055894172466455144e-01
9.306064749416811943e-02
7.402991551977651519e-02
4.906569422805812097e-02
1.923390326472483938e-02
-1.387415999753062457e-02
-4.816550855884731835e-02
-8.113681438210877672e-02
-1.100430926326548126e-01
-1.321419252375910514e-01
-1.449958063083227333e-01
-1.467978246060937797e-01
-1.366711445479688314e-01
-1.148855192338996412e-01
-8.293884055287215062e-02
-4.347011295432329919e-02
4.194831826876199004e-17
1.920699674918913126e-16
3.494238373089993827e-02
6.501462614073004465e-02
8.599721233046241087e-02
9.485777292948791017e-02
9.008622191619068686e-02
7.178677427908253250e-02
4.153595190755225014e-02
2.058533395630090732e-03
-4.320139889920417142e-02
-9.053227727036755601e-02
-1.363603884129495070e-01
-1.775624782150491687e-01
-2.116653605170445152e-01
-2.369348358836528279e-01
-2.523718742137768256e-01
-2.576419561615302944e-01
-2.529648163428797059e-01
-2.389886014152392824e-01
-2.166669760860816529e-01
-1.871515161035577079e-01
-1.517061180490839045e-01
-1.116456499039741312e-01
-6.829767426511071382e-02
-2.298384640393759393e-02
2.298384640834889164e-02
6.829767423589452879e-02
1.116456500950711306e-01
1.517061181644572543e-01
1.871515158069217977e-01
2.166669760396688904e-01
2.389886002827729949e-01
2.529648162294446667e-01
2.576419571330266778e-01
2.523718744252747559e-01
2.369348358055717307e-01
2.116653607707346119e-01
1.775624782201585816e-01
1.363603881284961017e-01
9.053227716676554016e-02
4.320139906199198937e-02
-2.058533572878740083e-03
-4.153595256284946940e-02
-7.178677440341472982e-02
-9.008622285587158940e-02
-9.485777279828989939e-02
-8.599721271867721839e-02
-6.501462594135384854e-02
-3.494238370376441527e-02
1.237328907962571549e-16
2.681304574407636920e-16
2.069123233642065560e-02
3.496090523212568024e-02
3.734723528557727656e-02
2.412991015578433082e-02
-6.200842709965819453e-03
-5.284893746989809127e-02
-1.129707116423317448e-01
-1.821997122679201997e-01
-2.553132191236158754e-01
-3.269116795928962982e-01
-3.920056667378946647e-01
-4.464443045413112321e-01
-4.871613387459824973e-01
-5.122502320159193490e-01
-5.209027033233721848e-01
-5.132553070152036101e-01
-4.901882995615706728e-01
-4.531140005894034317e-01
-4.037819064261568003e-01
-3.441172398017920409e-01
-2.761009399159938260e-01
-2.016920985226132168e-01
-1.227892102623430737e-01
-4.122356522617619951e-02
4.122356526810162097e-02
1.227892102336414354e-01
2.016920985615989481e-01
2.761009400315986850e-01
3.441172399313581209e-01
4.037819052609391557e-01
4.531140011737624929e-01
4.901882997881565340e-01
5.132553075458288205e-01
5.209027021827851156e-01
5.122502300780192863e-01
4.871613389554004248e-01
4.464443047370825202e-01
3.920056662777464673e-01
3.269116801094922309e-01
2.553132185104163843e-01
1.821997112288478715e-01
1.129707128249049231e-01
5.284893776743895127e-02
6.200842860833448607e-03
-2.412990875644146702e-02
-3.734723494789145282e-02
-3.496090472967526563e-02
-2.069123241371832386e-02
2.265000581219009815e-16
3.175774223433462225e-16
1.320708630582444849e-03
-6.816010839252575372e-03
-3.231648106472894549e-02
-8.028662750781694057e-02
-1.523100997367772824e-01
-2.463514685650275149e-01
-3.572417342281802299e-01
-4.775897824892010868e-01
-5.989024295422209487e-01
-7.126935969610327382e-01
-8.114096289114871574e-01
-8.890671474351369286e-01
-9.415762194099910332e-01
-9.667785358350192704e-01
-9.642688066196117846e-01
-9.350799888001311011e-01
-8.813092550895930133e-01
-8.057463662107965385e-01
-7.115470809327339996e-01
-6.019757854633267513e-01
-4.802264165324025003e-01
-3.493198565665502908e-01
-2.120689031762444110e-01
-7.109789628988226473e-02
7.109789623106109457e-02
2.120689031644021894e-01
3.493198563929447165e-01
4.802264166495207598e-01
6.019757849949666229e-01
7.115470810370846388e-01
8.057463654623306937e-01
8.813092554575799875e-01
9.350799893389880602e-01
9.642688066358650056e-01
9.667785365572179046e-01
9.415762198315528186e-01
8.890671474833047316e-01
8.114096274420893318e-01
7.126935964167300241e-01
5.989024260743855965e-01
4.775897817245735033e-01
3.572417335009679951e-01
2.463514685904134582e-01
1.523100998196816602e-01
8.028662750336824916e-02
3.231648109866765844e-02
6.816010827742626996e-03
-1.320708664184654406e-03
3.119408258157211711e-16
2.738603155201494099e-16
-2.109659591879517807e-02
-5.723915677035863042e-02
-1.208623903355108137e-01
-2.197023297926531948e-01
-3.556216362814355603e-01
-5.245110116167980285e-01
-7.171831232887935226e-01
-9.209778177259032583e-01
-1.121694506574137939e+00
-1.305469467815199902e+00
-1.460301421551950973e+00
-1.577058085589937209e+00
-1.649927351939899589e+00
-1.676380440064910493e+00
-1.656775033282539056e+00
-1.593745902557231586e+00
-1.491518707812906852e+00
-1.355252553720623032e+00
-1.190480994493602118e+00
-1.002688160697447817e+00
-7.970302764630521342e-01
-5.781948352400393398e-01
-3.503785973086173122e-01
-1.173600993291378930e-01
1.173600993146853011e-01
3.503785969045957738e-01
5.781948350963922456e-01
7.970302764665846418e-01
1.002688160645435200e+00
1.190480995623977245e+00
1.355252553671103755e+00
1.491518707824191381e+00
1.593745902549112525e+00
1.656775033379081163e+00
1.676380439740771333e+00
1.649927351644470130e+00
1.577058081686980584e+00
1.460301421796672772e+00
1.305469468340719752e+00
1.121694505665325803e+00
9.209778175743131845e-01
7.171831232193209837e-01
5.245110116922213628e-01
3.556216364426234566e-01
2.197023301141334539e-01
1.208623903450614656e-01
5.723915687986145390e-02
2.109659592872446116e-02
3.091932710503632703e-16
2.757602315144107196e-16
-7.280800844366240587e-02
-1.667882847545063552e-01
-2.992352615900925605e-01
-4.804785970522055250e-01
-7.121740037322003003e-01
-9.872165073449045147e-01
-1.291146410293460001e+00
-1.604617233421281597e+00
-1.906337886491863642e+00
-2.175904792549940403e+00
-2.396071673365113952e+00
-2.554204356964210998e+00
-2.642871645155246529e+00
-2.659683497296736920e+00
-2.606582000839807733e+00
-2.488819655542372722e+00
-2.313839087358957602e+00
-2.090219555804877949e+00
-1.826797945400600476e+00
-1.532018828055119020e+00
-1.213526590852547216e+00
-8.779842142323300846e-01
-5.310864279800557863e-01
-1.777265791012666296e-01
1.777265791011947982e-01
5.310864279766540630e-01
8.779842142356528711e-01
1.213526590857625820e+00
1.532018828053824056e+00
1.826797945393410227e+00
2.090219555806836382e+00
2.313839087357616009e+00
2.488819655528808461e+00
2.606582000850756309e+00
2.659683497275800335e+00
2.642871645163787697e+00
2.554204356884780758e+00
2.396071673384260858e+00
2.175904792542614263e+00
1.906337886477182053e+00
1.604617233433704993e+00
1.291146410293385172e+00
9.872165073502892074e-01
7.121740036928950746e-01
4.804785970702054598e-01
2.992352616012085020e-01
1.667882847581019234e-01
7.280800843746641771e-02
4.078325462050048015e-16
1.160668077048793784e-15
-2.600778503823288346e-01
-5.355175640600020603e-01
-8.381164929743504244e-01
-1.173298434499333576e+00
-1.538621299683493371e+00
-1.923835829221623550e+00
-2.312369319957466640e+00
-2.683815431063385493e+00
-3.016854426038589221e+00
-3.292026844068399072e+00
-3.493909590145789057e+00
-3.612440134577475259e+00
-3.643339399599733408e+00
-3.587749044677933430e+00
-3.451299386610877207e+00
-3.242858406175166852e+00
-2.973194358180585972e+00
-2.653735267691401223e+00
-2.295547853255184734e+00
-1.908600722501638591e+00
-1.501329930966223580e+00
-1.080491548516422151e+00
-6.512644975639164668e-01
-2.175546863534285058e-01
2.175546863534005004e-01
6.512644975633066213e-01
1.080491548516512523e+00
1.501329930965636272e+00
1.908600722501071267e+00
2.295547853254070070e+00
2.653735267691818223e+00
2.973194358179605423e+00
3.242858406172791863e+00
3.451299386614718578e+00
3.587749044679057420e+00
3.643339399602266493e+00
3.612440134572548978e+00
3.493909590140655830e+00
3.292026844057024171e+00
3.016854426038990233e+00
2.683815431061919554e+00
2.312369319958475167e+00
1.923835829219447513e+00
1.538621299685946076e+00
1.173298434499551401e+00
8.381164929745062997e-01
5.355175640569694862e-01
2.600778503814956122e-01
1.652315515414716223e-15
2.326131253459337657e-15
-4.294851822157472743e-01
-8.541710672699948104e-01
-1.268410891444112343e+00
-1.665118628579431492e+00
-2.035618361298289436e+00
-2.370002010781959267e+00
-2.657932086532469373e+00
-2.889720273956998930e+00
-3.057457422711142403e+00
-3.155973889105192498e+00
-3.183461774005845957e+00
-3.141671475904093569e+00
-3.035680283526159595e+00
-2.873301058473856529e+00
-2.664243567907629728e+00
-2.419157791418385717e+00
-2.148682229576206471e+00
-1.862598731729431023e+00
-1.569166628843699174e+00
-1.274679278517896197e+00
-9.832593469479997683e-01
-6.968870411115338781e-01
-4.156383772558203682e-01
-1.380979686058842748e-01
1.380979686058571299e-01
4.156383772558190359e-01
6.968870411115763996e-01
9.832593469478346782e-01
1.274679278519148973e+00
1.569166628843756461e+00
1.862598731729325108e+00
2.148682229573129820e+00
2.419157791418404813e+00
2.664243567907558674e+00
2.873301058473569647e+00
3.035680283526621892e+00
3.141671475904185495e+00
3.183461774005945433e+00
3.155973889105432306e+00
3.057457422715186723e+00
2.889720273956908336e+00
2.657932086532574623e+00
2.370002010779299617e+00
2.035618361298404011e+00
1.665118628583151184e+00
1.268410891444150757e+00
8.541710672700938423e-01
4.294851822157129684e-01
3.147962886570636905e-15
5.256400185726716559e-16
-9.133480916177183495e-02
-1.780425092458620406e-01
-2.557390843318833595e-01
-3.205214002791755279e-01
-3.691918060249934075e-01
-3.994576230086938629e-01
-4.100898919136896636e-01
-4.010241831748806995e-01
-3.733880376974813564e-01
-3.294448755110424565e-01
-2.724522044959534761e-01
-2.064412352566415976e-01
-1.359339184910067500e-01
-6.562052964448772396e-02
-2.524240760426672134e-05
5.681181370158355087e-02
1.016097194142993043e-01
1.320579095110001600e-01
1.469491783767939153e-01
1.462286016766962127e-01
1.309604270115850566e-01
1.032216345607628871e-01
6.593529385778186536e-02
2.265873364737758591e-02
-2.265873364740967136e-02
-6.593529385770953433e-02
-1.032216345604718977e-01
-1.309604270111637547e-01
-1.462286016761267793e-01
-1.469491783771083582e-01
-1.320579095110010204e-01
-1.016097194143618515e-01
-5.681181370167128625e-02
2.524240769808366029e-05
6.562052964471358496e-02
1.359339184911735332e-01
2.064412352570281772e-01
2.724522044963912371e-01
3.294448755099982917e-01
3.733880376969688220e-01
4.010241831751543140e-01
4.100898919132796028e-01
3.994576230090005065e-01
3.691918060250767852e-01
3.205214002789466554e-01
2.557390843304409578e-01
1.780425092464744674e-01
9.133480916206872247e-02
7.015876058682549873e-16
8.238293831276239785e-16
-1.363387728345143157e-01
-2.722206516781655594e-01
-4.070311652636869337e-01
-5.398584218743623930e-01
-6.693873557950945630e-01
-7.938416854566267000e-01
-9.109831807357354760e-01
-1.018172653406086647e+00
-1.112490982584035226e+00
-1.190911857907814619e+00
-1.250511340856743425e+00
-1.288693577981195437e+00
-1.303407969725429716e+00
-1.293331769251282459e+00
-1.257994275895981895e+00
-1.197824911614600696e+00
-1.114117273688870480e+00
-1.008913629038483029e+00
-8.848272833741158694e-01
-7.448312436300111861e-01
-5.920479509765361747e-01
-4.295745903236777852e-01
-2.603709151695676183e-01
-8.722275841535086227e-02
8.722275841480697789e-02
2.603709151696529944e-01
4.295745903205931415e-01
5.920479509791763961e-01
7.448312436343199616e-01
8.848272833727772735e-01
1.008913629039047688e+00
1.114117273676626496e+00
1.197824911609224552e+00
1.257994275889290581e+00
1.293331769249533636e+00
1.303407969723149540e+00
1.288693577979140859e+00
1.250511340855247733e+00
1.190911857912067662e+00
1.112490982582250876e+00
1.018172653402504180e+00
9.109831807430741613e-01
7.938416854519514398e-01
6.693873557950232867e-01
5.398584218750407393e-01
4.070311652635257849e-01
2.722206516782009200e-01
1.363387728349630956e-01
1.084385818863678622e-15
1.406560637652219198e-15
-2.340682421342805131e-01
-4.582077834602429900e-01
-6.628246748949011558e-01
-8.390041601392665971e-01
-9.788709736722737143e-01
-1.075964940075452958e+00
-1.125622057700328416e+00
-1.125340484878651903e+00
-1.075100003396133985e+00
-9.775943912376429124e-01
-8.383307178343473165e-01
-6.655499143707174214e-01
-4.699307815544764289e-01
-2.640558178892702390e-01
-6.164160897731885830e-02
1.234328495463739295e-01
2.782331958568745045e-01
3.919144597765005789e-01
4.567832056512346472e-01
4.691480053380174264e-01
4.298385780531542855e-01
3.443028579443705439e-01
2.222375519726338122e-01
7.676558428628627029e-02
-7.676558428625651631e-02
-2.222375519723501780e-01
-3.443028579436747671e-01
-4.298385780532264500e-01
-4.691480053366458014e-01
-4.567832056524204210e-01
-3.919144597823172038e-01
-2.782331958589280285e-01
-1.234328495536169551e-01
6.164160898298609581e-02
2.640558178889505503e-01
4.699307815295784008e-01
6.655499143490613001e-01
8.383307178309663543e-01
9.775943912427645932e-01
1.075100003380768943e+00
1.125340484889663317e+00
1.125622057687053479e+00
1.075964940068169895e+00
9.788709736723719690e-01
8.390041601391605708e-01
6.628246748906089225e-01
4.582077834595784660e-01
2.340682421343141806e-01
1.856837349003144576e-15
-5.668558828181670258e-15
9.209155978862675340e-01
1.837138721359404148e+00
2.743479379247905747e+00
3.633783828140190408e+00
4.500530683026191525e+00
5.334519798243547939e+00
6.124682890146667447e+00
6.858042101667241042e+00
7.519838073499397701e+00
8.093842109876218771e+00
8.562857426437037844e+00
8.909402258042028677e+00
9.116553219491352777e+00
9.168911648228892375e+00
9.053640039794293770e+00
8.761501913351150250e+00
8.287828427797482078e+00
7.633330445024685496e+00
6.804677772707031558e+00
5.814777745334894554e+00
4.682704152665714048e+00
3.433253027157327608e+00
2.096132001260576416e+00
7.048217805644824141e-01
-7.048217805642467138e-01
-2.096132001260663458e+00
-3.433253027159402393e+00
-4.682704152668035746e+00
-5.814777745329794634e+00
-6.804677772704330607e+00
-7.633330445036848211e+00
-8.287828427799070141e+00
-8.761501913351144921e+00
-9.053640039807683948e+00
-9.168911648227842548e+00
-9.116553219491523308e+00
-8.909402258048247703e+00
-8.562857426426239371e+00
-8.093842109884123559e+00
-7.519838073493128938e+00
-6.858042101662193524e+00
-6.124682890140590530e+00
-5.334519798248143374e+00
-4.500530683033417745e+00
-3.633783828135960903e+00
-2.743479379248140226e+00
-1.837138721362514548e+00
-9.209155978858615255e-01
-7.429065325895570015e-15
-1.171169743014494397e-14
1.903710588204847509e+00
3.773990778026399262e+00
5.578103253501563330e+00
7.284675732418137706e+00
8.864331689818870430e+00
1.029026175728071912e+01
1.153872053171342316e+01
1.258943700102999230e+01
1.342593068752852581e+01
1.403572967888770329e+01
1.441049078480009094e+01
1.454602529047710036e+01
1.444223840352193733e+01
1.410299070516208531e+01
1.353589408590377374e+01
1.275205426493337058e+01
1.176577269152328675e+01
1.059422005378585041e+01
9.257092444195304637e+00
7.776259758985721859e+00
6.175413285940889452e+00
4.479718234689773482e+00
2.715473674472278276e+00
9.097808866956662577e-01
-9.097808866935368499e-01
-2.715473674475605836e+00
-4.479718234706377977e+00
-6.175413285947117359e+00
-7.776259758995995419e+00
-9.257092444176752366e+00
-1.059422005378935161e+01
-1.176577269151674976e+01
-1.275205426492609107e+01
-1.353589408586058163e+01
-1.410299070511815067e+01
-1.444223840353798671e+01
-1.454602529047725135e+01
-1.441049078479927736e+01
-1.403572967888741196e+01
-1.342593068752593055e+01
-1.258943700102195962e+01
-1.153872053171275347e+01
-1.029026175726384729e+01
-8.864331689808530257e+00
-7.284675732407452919e+00
-5.578103253492753488e+00
-3.773990778018704528e+00
-1.903710588204993170e+00
-1.535867002718469579e-14
-1.160717841312421311e-14
1.882461403241725950e+00
3.720843596749255244e+00
5.472767868743720676e+00
7.099146449831055250e+00
8.565563216048435180e+00
9.843363938238963939e+00
1.091040096794523429e+01
1.175140729310583154e+01
1.235800343851339278e+01
1.272836919775978259e+01
1.286663234737151029e+01
1.278204331405100902e+01
1.248801109550431043e+01
1.200107756105621348e+01
1.133990088512413053e+01
1.052430933598754947e+01
9.574473553865692210e+00
8.510230911447493440e+00
7.350581288165566107e+00
6.113360631202177764e+00
4.815087168058478362e+00
3.470966083027142712e+00
2.095031440113827692e+00
7.003990913372942773e-01
-7.003990913370014004e-01
-2.095031440106889242e+00
-3.470966083025722959e+00
-4.815087168069506873e+00
-6.113360631200882800e+00
-7.350581288147908232e+00
-8.510230911432133283e+00
-9.574473553834362605e+00
-1.052430933673666935e+01
-1.133990088380393146e+01
-1.200107756097032663e+01
-1.248801109544890586e+01
-1.278204331343449240e+01
-1.286663234861767435e+01
-1.272836919853764570e+01
-1.235800344064475276e+01
-1.175140729201143941e+01
-1.091040096745597054e+01
-9.843363938219189535e+00
-8.565563218443100979e+00
-7.099146449890701760e+00
-5.472767868610032060e+00
-3.720843596820496035e+00
-1.882461403329302785e+00
-1.521701829092934995e-14
-8.778976813131635307e-15
1.418485423532062972e+00
2.798313150855786358e+00
4.102682329063513045e+00
5.298359572788007732e+00
6.357113516511496698e+00
7.256773583435861319e+00
7.981853241033538993e+00
8.523721191415244647e+00
8.880346302975796746e+00
9.055676745010005746e+00
9.058739624849145855e+00
8.902557458189939155e+00
8.602986310372013889e+00
8.177563057723240547e+00
7.644441719655499234e+00
7.021475390877545131e+00
6.325480990663017167e+00
5.571704422504152987e+00
4.773487739307445743e+00
3.942126757814479632e+00
3.086899243037164897e+00
2.215238354380588692e+00
1.333023880097281566e+00
4.449634281620690746e-01
-4.449634282223808857e-01
-1.333023880107038650e+00
-2.215238353909315450e+00
-3.086899242941381072e+00
-3.942126757708906304e+00
-4.773487739326657930e+00
-5.571704421727734946e+00
-6.325480991196306135e+00
-7.021475390987387044e+00
-7.644441719474387220e+00
-8.177563056145928044e+00
-8.602986311478380443e+00
-8.902557458318931083e+00
-9.058739619899187190e+00
-9.055676745486005430e+00
-8.880346302622333710e+00
-8.523721191689796584e+00
-7.981853240707918573e+00
-7.256773588067431113e+00
-6.357113516641369699e+00
-5.298359572769243186e+00
-4.102682329103534364e+00
-2.798313150898178225e+00
-1.418485423593147221e+00
-1.150085875205305460e-14
-6.061231245082308816e-15
9.741359372785780568e-01
1.919121059346064140e+00
2.807378280796323455e+00
3.614340585400279693e+00
4.319629584697364244e+00
4.907887121658064622e+00
5.369211001011059636e+00
5.699189228096050996e+00
5.898567101164373661e+00
5.972613726840480197e+00
5.930273119939546866e+00
5.783195889376866461e+00
5.544741056407390900e+00
5.229027148557843674e+00
4.850092852977443414e+00
4.421207623748884430e+00
3.954353092463145813e+00
3.459878811967123546e+00
2.946323601589954322e+00
2.420384295087287807e+00
1.887009565362300911e+00
1.349594609632921882e+00
8.102533936116408375e-01
2.701474731764822446e-01
-2.701474730252793055e-01
-8.102533937248285190e-01
-1.349594609753639096e+00
-1.887009566174245645e+00
-2.420384295403958053e+00
-2.946323602573751810e+00
-3.459878812726030706e+00
-3.954353093244949324e+00
-4.421207622503223966e+00
-4.850092852981003233e+00
-5.229027150603833718e+00
-5.544741056521002243e+00
-5.783195889166182546e+00
-5.930273118425586354e+00
-5.972613726971474968e+00
-5.898567101660305845e+00
-5.699189227649654299e+00
-5.369211000649818821e+00
-4.907887122540555147e+00
-4.319629584796168764e+00
-3.614340585058589905e+00
-2.807378281261847075e+00
-1.919121059282147046e+00
-9.741359373365943153e-01
-7.931314698326526878e-15
-4.143409119557412126e-15
6.612228695151066704e-01
1.301394543833245043e+00
1.900684112551559890e+00
2.441587840365058604e+00
2.909824154172924615e+00
3.294945564334601951e+00
3.590631074875072493e+00
3.794659572354866395e+00
3.908597737195559141e+00
3.937261383279393012e+00
3.888023873744755221e+00
3.770049434695331936e+00
3.593523471068058583e+00
3.368939814597780469e+00
3.106488375681328851e+00
2.815569284917073034e+00
2.504444032640356976e+00
2.180020889847157584e+00
1.847762994056169727e+00
1.511701803947575362e+00
1.174536517537610791e+00
8.378002087409135434e-01
5.020752537750555744e-01
1.672431838346281896e-01
-1.672431837487508288e-01
-5.020752535880569356e-01
-8.378002085307939550e-01
-1.174536517194389784e+00
-1.511701805149862077e+00
-1.847762995921187645e+00
-2.180020890119322985e+00
-2.504444030401209442e+00
-2.815569285621370543e+00
-3.106488376738906876e+00
-3.368939813809837869e+00
-3.593523470642143725e+00
-3.770049434089244755e+00
-3.888023874659197077e+00
-3.937261382851788838e+00
-3.908597738022071777e+00
-3.794659570576879748e+00
-3.590631074614302420e+00
-3.294945564156934292e+00
-2.909824155181650607e+00
-2.441587840370215368e+00
-1.900684113552393528e+00
-1.301394544136388554e+00
-6.612228695944719625e-01
-5.413194652150439423e-15
-2.901023889066991373e-15
4.589674027965560121e-01
9.026756646858012934e-01
1.316792605779149472e+00
1.688750221384537564e+00
2.008414728998956900e+00
2.268534394760059136e+00
2.464938518114118349e+00
2.596490595403176727e+00
2.664824931983762468e+00
2.673915366183719833e+00
2.629535405230021272e+00
2.538670852861119709e+00
2.408940320605923446e+00
2.248068076120957048e+00
2.063440112028956719e+00
1.861760520529709861e+00
1.648813058904945228e+00
1.429323291456158440e+00
1.206910260782806610e+00
9.841132865843030819e-01
7.624784405908060503e-01
5.426901194811997176e-01
3.247350100711510201e-01
1.080880128120986217e-01
-1.080880128370403648e-01
-3.247350099554087155e-01
-5.426901194027666797e-01
-7.624784405626521266e-01
-9.841132865647075345e-01
-1.206910260031821114e+00
-1.429323291654411410e+00
-1.648813059201388320e+00
-1.861760521408378111e+00
-2.063440112803998971e+00
-2.248068075681838529e+00
-2.408940320980882177e+00
-2.538670852695922076e+00
-2.629535404301818868e+00
-2.673915364955374852e+00
-2.664824931601188052e+00
-2.596490595668640822e+00
-2.464938518663390532e+00
-2.268534395407153959e+00
-2.008414729541233790e+00
-1.688750221443476640e+00
-1.316792605599700350e+00
-9.026756647682623314e-01
-4.589674026998251111e-01
-3.782617493280073763e-15
-2.102716854793475971e-15
3.293775833712017098e-01
6.474479187738731989e-01
9.436136258924211484e-01
1.208626343887001076e+00
1.435094451250553460e+00
1.617816735857552146e+00
1.753922260461837856e+00
1.842820304320128333e+00
1.885984908583847597e+00
1.886613442993928969e+00
1.849206324383079414e+00
1.779115630644534818e+00
1.682105168617883617e+00
1.563955166594730661e+00
1.430134148659790272e+00
1.285549357476183152e+00
1.134377902849083464e+00
9.799737806250715666e-01
8.248412934872675351e-01
6.706633059324976776e-01
5.183723302716589654e-01
3.682534229778159918e-01
2.200695037117530450e-01
7.320161158810965796e-02
-7.320161159189007838e-02
-2.200695037205203375e-01
-3.682534230087742277e-01
-5.183723303158467299e-01
-6.706633059319700996e-01
-8.248412935572999594e-01
-9.799737806660067108e-01
-1.134377902865309151e+00
-1.285549357479278454e+00
-1.430134148570277430e+00
-1.563955166682375442e+00
-1.682105168642818782e+00
-1.779115630697797101e+00
-1.849206324365303411e+00
-1.886613443074436791e+00
-1.885984908581229025e+00
-1.842820304193638847e+00
-1.753922260448812276e+00
-1.617816735737751310e+00
-1.435094451174574903e+00
-1.208626343937367231e+00
-9.436136258658723852e-01
-6.474479188016905029e-01
-3.293775833775468009e-01
-2.735508223714081858e-15
-1.577867689693592581e-15
2.444945415691909818e-01
4.803820237463091725e-01
6.996092181708217783e-01
8.951742037634440319e-01
1.061519294927338875e+00
1.194785918455743223e+00
1.292916443972617735e+00
1.355606958290682007e+00
1.384131388928189432e+00
1.381068978239135658e+00
1.349972847749425053e+00
1.295017382931787253e+00
1.220657616099424247e+00
1.131325953718920196e+00
1.031183060912964855e+00
9.239307859437686510e-01
8.126880021706913704e-01
6.999247423328875950e-01
5.874468974925239895e-01
4.764221138696615454e-01
3.674375975290686269e-01
2.605813375223349215e-01
1.555396860291399230e-01
5.170572999661533775e-02
-5.170573000094390997e-02
-1.555396860390691749e-01
-2.605813374937515081e-01
-3.674375975095598434e-01
-4.764221138361227625e-01
-5.874468974636691820e-01
-6.999247423847037020e-01
-8.126880019617144235e-01
-9.239307859422444258e-01
-1.031183060902215898e+00
-1.131325953719808375e+00
-1.220657616206699325e+00
-1.295017382921686222e+00
-1.349972847817928256e+00
-1.381068978181380968e+00
-1.384131388831620457e+00
-1.355606958187679734e+00
-1.292916443909922330e+00
-1.194785918459744689e+00
-1.061519294947647074e+00
-8.951742037296245291e-01
-6.996092180781490200e-01
-4.803820237700300866e-01
-2.444945415439355174e-01
-2.047653860116562233e-15
-1.220683301653679595e-15
1.869965407902504095e-01
3.672703170634401548e-01
5.345397533295607184e-01
6.833600041564870109e-01
8.094339274191818534e-01
9.098116610633454338e-01
9.829671425441982580e-01
1.028755377282678296e+00
1.048267539257418113e+00
1.043610181972825179e+00
1.017639183528232349e+00
9.736788453657778675e-01
9.152522628007745409e-01
8.458431419607215229e-01
7.687015940919670332e-01
6.866997611262273260e-01
6.022373493135195766e-01
5.171930417129081414e-01
4.329153179797746720e-01
3.502451840214254042e-01
2.695634343898744012e-01
1.908558372480792797e-01
1.137907760771867810e-01
3.780508689806637984e-02
-3.780508690654473675e-02
-1.137907761402386503e-01
-1.908558373433690281e-01
-2.695634343106791397e-01
-3.502451842971024965e-01
-4.329153181650277626e-01
-5.171930414233176787e-01
-6.022373483602345701e-01
-6.866997596612723909e-01
-7.687015947351718559e-01
-8.458431418847540684e-01
-9.152522625992043359e-01
-9.736788457989754564e-01
-1.017639183651378953e+00
-1.043610182248194684e+00
-1.048267538735852655e+00
-1.028755377084947353e+00
-9.829671424590629147e-01
-9.098116610485961209e-01
-8.094339276734334732e-01
-6.833600043134475666e-01
-5.345397535414913026e-01
-3.672703170513289539e-01
-1.869965405577415363e-01
-1.580035109821994154e-15
-9.683935566382184635e-16
1.466105998047261827e-01
2.878511193590882478e-01
4.187098506956267174e-01
5.348542334869413883e-01
6.328820480514797397e-01
7.104811602217810940e-01
7.664885276232372702e-01
8.008520377131896906e-01
8.145095978261402969e-01
8.092073600837422775e-01
7.872823611576443836e-01
7.514343880084207727e-01
7.045083137432085474e-01
6.493028753965585098e-01
5.884157992968757078e-01
5.241295492503215137e-01
4.583374539829526695e-01
3.925066434165075946e-01
3.276724257355716485e-01
2.644579858891976110e-01
2.031134783356318974e-01
1.435692481453368086e-01
8.549887681829593244e-02
2.838869980012314123e-02
-2.838869984868433102e-02
-8.549887694239347025e-02
-1.435692481986076408e-01
-2.031134782451673448e-01
-2.644579858295962871e-01
-3.276724256161392401e-01
-3.925066436547405280e-01
-4.583374537707654572e-01
-5.241295506646783675e-01
-5.884157991991726400e-01
-6.493028750919986880e-01
-7.045083132759817346e-01
-7.514343876647778808e-01
-7.872823610345993650e-01
-8.092073594454838315e-01
-8.145095978568082096e-01
-8.008520377172799742e-01
-7.664885273274427702e-01
-7.104811602588603225e-01
-6.328820482219151833e-01
-5.348542328824936742e-01
-4.187098507576967887e-01
-2.878511194292161512e-01
-1.466105999110657310e-01
-1.250167996013789925e-15
-7.837385656123105343e-16
1.172406282922409809e-01
2.301114336717335618e-01
3.345386350956890409e-01
4.270090960107902900e-01
5.047767945513662591e-01
5.659930382828504136e-01
6.097529120648182976e-01
6.360612442857651594e-01
6.457304063943786199e-01
6.402284401644259271e-01
6.214986413653182939e-01
5.917712039579342553e-01
5.533844097692883768e-01
5.086283315739366095e-01
4.596189318366302179e-01
4.082058327606071235e-01
3.559132467165829206e-01
3.039109942018271004e-01
2.530110661453615073e-01
2.036846924951757065e-01
1.560950792138779963e-01
1.101415540758728662e-01
6.551166349416467916e-02
2.173853104774805048e-02
-2.173853110365871200e-02
-6.551166356894511100e-02
-1.101415541167574674e-01
-1.560950792712702262e-01
-2.036846924582708940e-01
-2.530110661024781993e-01
-3.039109946472524082e-01
-3.559132470040806129e-01
-4.082058325768240792e-01
-4.596189318839820070e-01
-5.086283314999463512e-01
-5.533844098900170261e-01
-5.917712036990145918e-01
-6.214986413296852419e-01
-6.402284406339749934e-01
-6.457304059340932545e-01
-6.360612435657524433e-01
-6.097529124138514334e-01
-5.659930380021777063e-01
-5.047767946482742962e-01
-4.270090961516716521e-01
-3.345386351342853892e-01
-2.301114334074414458e-01
-1.172406283787360698e-01
-1.009090811472339111e-15
-6.441922383630160124e-16
9.520217392174096238e-02
1.867952600397636553e-01
2.714181493460433581e-01
3.461790531087673428e-01
4.088276509916441981e-01
4.578628103444007946e-01
4.925697174606532003e-01
5.129894396827895386e-01
5.198315471736747462e-01
5.143455975868023167e-01
4.981693837168276739e-01
4.731712632869468083e-01
4.413011643084848168e-01
4.044609408008799090e-01
3.644004658993020840e-01
3.226419710349310854e-01
2.804320179192147933e-01
2.387184016397046471e-01
1.981481335457634385e-01
1.590823017871812184e-01
1.216237924136806953e-01
8.565440474265480220e-02
5.087852875943959380e-02
1.687118853980723587e-02
-1.687118853054268147e-02
-5.087852876981371203e-02
-8.565440473203714267e-02
-1.216237924166195666e-01
-1.590823018447168058e-01
-1.981481336255391523e-01
-2.387184016717585067e-01
-2.804320180584193301e-01
-3.226419709698605254e-01
-3.644004658387955398e-01
-4.044609406850156463e-01
-4.413011644933573785e-01
-4.731712632880790692e-01
-4.981693835749169685e-01
-5.143455979824057556e-01
-5.198315472854575514e-01
-5.129894395579296384e-01
-4.925697176001310740e-01
-4.578628103560126172e-01
-4.088276510537637298e-01
-3.461790528370711773e-01
-2.714181492407675700e-01
-1.867952600406493358e-01
-9.520217390337928909e-02
-8.272034313583680755e-16
-5.357831034397120492e-16
7.821075869743480957e-02
1.534057873059093691e-01
2.227794086426984621e-01
2.839232458088042921e-01
3.349713917935967511e-01
3.746905614839478038e-01
4.025101180251274280e-01
4.184947321685078547e-01
4.232689630771285794e-01
4.179073635674809828e-01
4.038054488055494717e-01
3.825462410038418803e-01
3.557746983434857957e-01
3.250889185416872551e-01
2.919533552941225851e-01
2.576359765998471052e-01
2.231687088115132389e-01
1.893287770892473354e-01
1.566376536097378036e-01
1.253740551945833615e-01
9.559766323733943916e-02
6.718066689404050829e-02
3.984480611702762021e-02
1.320210061655637673e-02
-1.320210061450928507e-02
-3.984480611313061249e-02
-6.718066692511752425e-02
-9.559766318680386343e-02
-1.253740551093447675e-01
-1.566376535743478349e-01
-1.893287769646310736e-01
-2.231687088411431208e-01
-2.576359766975104271e-01
-2.919533553446989615e-01
-3.250889186432540101e-01
-3.557746981857418112e-01
-3.825462410248837153e-01
-4.038054487043281626e-01
-4.179073635368157347e-01
-4.232689629569676426e-01
-4.184947321212793003e-01
-4.025101179980416499e-01
-3.746905614565794740e-01
-3.349713919489771263e-01
-2.839232457752289829e-01
-2.227794086200879931e-01
-1.534057873469825140e-01
-7.821075869516175283e-02
-6.861475582323449998e-16
-4.495964560343064918e-16
6.480937822046262120e-02
1.270760494514848737e-01
1.844368085602515472e-01
2.348677628884300317e-01
2.768078493879723712e-01
3.092349643600514897e-01
3.316904407852357406e-01
3.442543993250790635e-01
3.474801369023595154e-01
3.422993716526195884e-01
3.299115821865485909e-01
3.116700556789726573e-01
2.889751092579216363e-01
2.631819548290241229e-01
2.355275413235687343e-01
2.070778652604822190e-01
1.786950735852435856e-01
1.510222407353883078e-01
1.244829828829560753e-01
9.929289844564904988e-02
7.548001612991091236e-02
5.291184346057489080e-02
3.132707259708011893e-02
1.037043676251134944e-02
-1.037043675602040797e-02
-3.132707262668622122e-02
-5.291184342117995903e-02
-7.548001622681684009e-02
-9.929289857653975093e-02
-1.244829829597552950e-01
-1.510222408047066922e-01
-1.786950738064423672e-01
-2.070778654957576848e-01
-2.355275413823610942e-01
-2.631819547692264560e-01
-2.889751094778730267e-01
-3.116700557886808998e-01
-3.299115818981846471e-01
-3.422993716460686064e-01
-3.474801365193370128e-01
-3.442543991691224270e-01
-3.316904406537387051e-01
-3.092349643381844260e-01
-2.768078493522068140e-01
-2.348677630310679054e-01
-1.844368084173589328e-01
-1.270760494417676467e-01
-6.480937822671370419e-02
-5.742103013056797367e-16
-3.797755751898038665e-16
5.404142051603566532e-02
1.059242117286979951e-01
1.536441911860928766e-01
1.954889560935668402e-01
2.301437013417900190e-01
2.567559568407997705e-01
2.749556451676571922e-01
2.848327921314449673e-01
2.868800973592691150e-01
2.819106960516643001e-01
2.709626205079729289e-01
2.552008348180001551e-01
2.358258037982052246e-01
2.139949227922523234e-01
1.907604062662639488e-01
1.670247903324361405e-01
1.435133690697754927e-01
1.207616874632211762e-01
9.911563159822826818e-02
7.874153439528024101e-02
5.964392013668751158e-02
4.168885734376819030e-02
2.463129473580913734e-02
8.145108506054104733e-03
-8.145108495078651548e-03
-2.463129463304268574e-02
-4.168885732146541262e-02
-5.964391999479824041e-02
-7.874153450222400041e-02
-9.911563176591714486e-02
-1.207616873941071978e-01
-1.435133690381413529e-01
-1.670247902426176823e-01
-1.907604062977510395e-01
-2.139949230654027978e-01
-2.358258039683973906e-01
-2.552008348857038866e-01
-2.709626205099474605e-01
-2.819106958226848536e-01
-2.868800972239443636e-01
-2.848327920098314148e-01
-2.749556449931880864e-01
-2.567559566551241290e-01
-2.301437013621848993e-01
-1.954889560288589068e-01
-1.536441911148866968e-01
-1.059242117745669287e-01
-5.404142049270872078e-02
-4.836975962292883482e-16
-3.223581380160726229e-16
4.526028109671215854e-02
8.867852383808638717e-02
1.285462771806282212e-01
1.634073127319689289e-01
1.921487606216033539e-01
2.140564463531479666e-01
2.288313822509771556e-01
2.365695575660112238e-01
2.377114450960032266e-01
2.329702658388235481e-01
2.232490755365941770e-01
2.095561147976627014e-01
1.929260912487847923e-01
1.743528294643820753e-01
1.547362383502479677e-01
1.348445425786999607e-01
1.152910419656545532e-01
9.652379623390752728e-02
7.882604192404504828e-02
6.232515296818613715e-02
4.700811368408515378e-02
3.274178930860666831e-02
1.929662437683967585e-02
6.372697899703956385e-03
-6.372697907549545147e-03
-1.929662439937958329e-02
-3.274178927506886383e-02
-4.700811347714473065e-02
-6.232515294340378736e-02
-7.882604195081535647e-02
-9.652379608170906511e-02
-1.152910419041189155e-01
-1.348445427137257291e-01
-1.547362381373094120e-01
-1.743528293581339261e-01
-1.929260912316526910e-01
-2.095561144833580913e-01
-2.232490755156835149e-01
-2.329702659380037399e-01
-2.377114436834062150e-01
-2.365695573379375249e-01
-2.288313824478450942e-01
-2.140564466165865154e-01
-1.921487608073702558e-01
-1.634073128015340048e-01
-1.285462771372014035e-01
-8.867852390700792231e-02
-4.526028110340449967e-02
-4.094051222015388361e-16
-2.745840630615911385e-16
3.801611763807735689e-02
7.445433867075280931e-02
1.078527692689340706e-01
1.369684126476556352e-01
1.608559707236568437e-01
1.789153191003804433e-01
1.909051072349660372e-01
1.969244023550122402e-01
1.973681279035233438e-01
1.928642626604016586e-01
1.842016075210464732e-01
1.722563387633317400e-01
1.579239837996633811e-01
1.420614389058977578e-01
1.254415151294688557e-01
1.087207213546122209e-01
9.241962176739526580e-02
7.691426628192785109e-02
6.243685069627324252e-02
4.908367236063523875e-02
3.682867304974484640e-02
2.554110861949243985e-02
1.500617853062043844e-02
4.947726288574364438e-03
-4.947726292266039876e-03
-1.500617853472719504e-02
-2.554110846943334276e-02
-3.682867312699397710e-02
-4.908367240338265547e-02
-6.243685070896479172e-02
-7.691426607221124589e-02
-9.241962158047459241e-02
-1.087207214259981181e-01
-1.254415140294388997e-01
-1.420614385746565289e-01
-1.579239844715274177e-01
-1.722563379026056385e-01
-1.842016077033246935e-01
-1.928642631245443273e-01
-1.973681278357015123e-01
-1.969244020242635063e-01
-1.909051070866045474e-01
-1.789153189145950285e-01
-1.608559697787185216e-01
-1.369684124834535388e-01
-1.078527693081920980e-01
-7.445433880307857077e-02
-3.801611763611428829e-02
-3.477087051202241969e-16
-2.344745634105436946e-16
3.198697582050375604e-02
6.261855247312050898e-02
9.064036311553219649e-02
1.149885784154481699e-01
1.348582398966691187e-01
1.497441277861091546e-01
1.594519437969319220e-01
1.640816628857447446e-01
1.639880991250030340e-01
1.597257600862588833e-01
1.519857503033492652e-01
1.415318514728720056e-01
1.291415622675752550e-01
1.155560304897590013e-01
1.014409704721971617e-01
8.735910422255027674e-02
7.375348694503877645e-02
6.094038463127419980e-02
4.911008361555485591e-02
3.833396886091990086e-02
2.857641051053903813e-02
1.971020700118783497e-02
1.153461629512665849e-02
3.795190984690491841e-03
-3.795190984956000810e-03
-1.153461628052127735e-02
-1.971020698604265819e-02
-2.857641000385647764e-02
-3.833396850450591919e-02
-4.911008379883229774e-02
-6.094038486687252537e-02
-7.375348706973608448e-02
-8.735910477031283428e-02
-1.014409698827939965e-01
-1.155560304188787829e-01
-1.291415626033610708e-01
-1.415318515878268846e-01
-1.519857490286636026e-01
-1.597257605473652031e-01
-1.639880994715238183e-01
-1.640816629749687894e-01
-1.594519438966712777e-01
-1.497441276714197578e-01
-1.348582398994878362e-01
-1.149885786826767842e-01
-9.064036350378419649e-02
-6.261855283120158766e-02
-3.198697590952692682e-02
-2.960111091226347676e-16
-2.005707659333396297e-16
2.693601651857285839e-02
5.270544674785526684e-02
7.622988958115348157e-02
9.659715638780798364e-02
1.131206601633541337e-01
1.253746556669320389e-01
1.332034540284462443e-01
1.367062885752785839e-01
1.362023634434350039e-01
1.321823502553490792e-01
1.252531396307345612e-01
1.160821025898517572e-01
1.053458676478481459e-01
9.368698645094254707e-02
8.168025821186500335e-02
6.980908726014123378e-02
5.845129760751254649e-02
4.787319904249815600e-02
3.823048354245330016e-02
2.957453160949730445e-02
2.186285700218725328e-02
1.497264350281160908e-02
8.716538490005854706e-03
2.860041780369915188e-03
-2.860041769727998586e-03
-8.716538449225059298e-03
-1.497264348491076508e-02
-2.186285688066377103e-02
-2.957453173166321378e-02
-3.823048354739978089e-02
-4.787319865193820356e-02
-5.845129777503291213e-02
-6.980908730029770914e-02
-8.168025826311828275e-02
-9.368698662563440527e-02
-1.053458678330039255e-01
-1.160821025013297619e-01
-1.252531398094761383e-01
-1.321823505909120178e-01
-1.362023633151374646e-01
-1.367062885205851119e-01
-1.332034539459887312e-01
-1.253746547606868211e-01
-1.131206600657379407e-01
-9.659715614298432229e-02
-7.622988955080443885e-02
-5.270544689400995936e-02
-2.693601645941025996e-02
-2.523985063283956577e-16
-1.717681690338932785e-16
2.268441338464345994e-02
4.436337603273678154e-02
6.410852884849133071e-02
0.000000000000000000e+00
9.486177339700620215e-02
1.049247782698352616e-01
1.112018074297101422e-01
1.137901034515717835e-01
1.129770727304049011e-01
1.091975663658925760e-01
1.029854286932225527e-01
9.492481846319143768e-02
8.560563651109624750e-02
7.558595848327041844e-02
6.536295470358920168e-02
5.535258072111866323e-02
4.587747735532171633e-02
3.716201410295640051e-02
2.933323464190960156e-02
2.242646679083014349e-02
1.639451703720091677e-02
1.111955517375136197e-02
6.426977602934373819e-03
2.100685134757378138e-03
-2.100685107369582114e-03
-6.426977611691809568e-03
-1.111955524729650591e-02
-1.639451709499835375e-02
-2.242646669317947122e-02
-2.933323469867551297e-02
-3.716201418252987332e-02
-4.587747697249663914e-02
-5.535258044211434358e-02
-6.536295458680964343e-02
-7.558595871856009507e-02
-8.560563702926651808e-02
-9.492481824125788281e-02
-1.029854284699384670e-01
-1.091975667333145300e-01
-1.129770729358404169e-01
-1.137901029409345843e-01
-1.112018079691393935e-01
-1.049247782565972675e-01
-9.486177360731015695e-02
-8.113673466350462826e-02
-6.410852882187527413e-02
-4.436337597973857155e-02
-2.268441346340134557e-02
-2.154228841031327523e-16
-1.472097726898688076e-16
1.909385503835531184e-02
3.732035655230976634e-02
5.387961976502756573e-02
6.809878487139016390e-02
7.947705998431492391e-02
8.771204058190062991e-02
9.270591301973707399e-02
9.455298993075032798e-02
9.351215998610892810e-02
8.996922027307822922e-02
8.439435221083019245e-02
7.729955705957869405e-02
6.919982313917022454e-02
6.058051823258801816e-02
5.187224567370982836e-02
4.343336597360275553e-02
3.553965538450671452e-02
2.838016451005757196e-02
2.205816730585572621e-02
1.659615412099442119e-02
1.194393040513994433e-02
7.989063750936910985e-03
4.569073715801666088e-03
1.484881961958145046e-03
-1.484881972308910430e-03
-4.569073727803209944e-03
-7.989063679817087413e-03
-1.194393044031548390e-02
-1.659615404034769925e-02
-2.205816737085209908e-02
-2.838016452396776787e-02
-3.553965554504435326e-02
-4.343336580768536459e-02
-5.187224578170664818e-02
-6.058051778147948568e-02
-6.919982318703971069e-02
-7.729955725547116296e-02
-8.439435158278690841e-02
-8.996922002349748426e-02
-9.351215973825660610e-02
-9.455299031549779798e-02
-9.270591375309142346e-02
-8.771204025151667361e-02
-7.947706023435538447e-02
-6.809878489387276301e-02
-5.387961925294853377e-02
-3.732035661065506021e-02
-1.909385512882486730e-02
-1.839615562247250458e-16
-1.262158852913172203e-16
1.605503864866573982e-02
3.136144518794950486e-02
4.522967896625155332e-02
5.708138992754533542e-02
6.648870187222968853e-02
7.319697895777585450e-02
7.712990477994552396e-02
7.837816696777112624e-02
7.717499520084855624e-02
7.386292649521312981e-02
6.885645493936280725e-02
6.260478630043307680e-02
5.555797787675553767e-02
4.813860806348379401e-02
4.072000933954390139e-02
3.361121110192531736e-02
2.704808497081123003e-02
2.118987168972488039e-02
1.612011397425043568e-02
1.185109438737908145e-02
8.330970346292033285e-03
5.452967958413481794e-03
3.066114710449080200e-03
9.870986419565576288e-04
-9.870986429214620005e-04
-3.066114757864627383e-03
-5.452967976922181575e-03
-8.330970417258722407e-03
-1.185109457809385182e-02
-1.612011401831224197e-02
-2.118987183594973553e-02
-2.704808507086383512e-02
-3.361121101549455897e-02
-4.072000933244721704e-02
-4.813860850620717974e-02
-5.555797782527900630e-02
-6.260478594238025329e-02
-6.885645486706690188e-02
-7.386292660121403231e-02
-7.717499496963468875e-02
-7.837816692339420743e-02
-7.712990453481249897e-02
-7.319697863269437887e-02
-6.648870178044946622e-02
-5.708139029496540895e-02
-4.522967913731293366e-02
-3.136144514749020923e-02
-1.605503875890064783e-02
-1.571248715259727204e-16
