1.887019666510815485e-24
8.903664893478984770e-25
1.338033060944003858e-24
-1.183016448782716673e-24
-4.633158483612944243e-25
2.132172732743389411e-23
7.288763606792402647e-23
3.740935445808629935e-25
-1.822978151831073345e-09
-1.015653933025317794e-09
1.333266934600889473e-09
1.350726555069873813e-09
4.351417039638876830e-10
4.525798061435575641e-11
2.264765010833766835e-11
4.527892724027307860e-12
-3.651691190592786121e-09
-2.035544570323289142e-09
2.662017693090845272e-09
2.696007487156455249e-09
8.671913103336126165e-10
9.014854843776716270e-11
4.511230618121448260e-11
9.020145619723987588e-12
-5.491744860844735907e-09
-3.064085604713502767e-09
3.980961775136065441e-09
4.029754134696746469e-09
1.292904030858194420e-09
1.342903170015209569e-10
6.720388449981489367e-11
1.343962778138281488e-11
-7.348470139466977388e-09
-4.105997227835412218e-09
5.283382524241196605e-09
5.344700800645331372e-09
1.708765322302727642e-09
1.772776724076849938e-10
8.872001486806257970e-11
1.774660939214011135e-11
-9.226744437056793210e-09
-5.166344627830995861e-09
6.560712118621025932e-09
6.632071530858334120e-09
2.110938184335085581e-09
2.186773990101520577e-10
1.094442414324846086e-10
2.189833993827375490e-11
-1.113076538912573333e-08
-6.250451462723039234e-09
7.802404943843589371e-09
7.881508217835623137e-09
2.495292310173839994e-09
2.580337277094445572e-10
1.291485394588434750e-10
2.584950195802541130e-11
-1.306376903746088363e-08
-7.363670804466454274e-09
8.996136242882002841e-09
9.081279619720412806e-09
2.857517567072928348e-09
2.948820586386915926e-10
1.476001621805974022e-10
2.955355011962595366e-11
-1.502769879724683578e-08
-8.511019149647346000e-09
1.012830521554650007e-08
1.021874791769744923e-08
3.193309739619307998e-09
3.287699469199172272e-10
1.645721383167514319e-10
3.296480299917614948e-11
-1.702284818519287234e-08
-9.696705645194813903e-09
1.118477694918012978e-08
1.128103092467274973e-08
3.498603472307336200e-09
3.592822197751889963e-10
1.798559059811713935e-10
3.604099314987094578e-11
-1.904751826291356225e-08
-1.092361313341882119e-08
1.215176500456615751e-08
1.225577144660061835e-08
3.769820588030438353e-09
3.860669754065591770e-10
1.932744226479942944e-10
3.874593310025979615e-11
-2.109774166907909215e-08
-1.219280316758657750e-08
1.301673963537454738e-08
1.313191360111453851e-08
4.004099333643991543e-09
4.088585843306435626e-10
2.046937671911508700e-10
4.105190771910994898e-11
-2.316712550893853709e-08
-1.350311881291699936e-08
1.376925074486785262e-08
1.390039153936765066e-08
4.199475370012823689e-09
4.274947090562734456e-10
2.140317565731367628e-10
4.294148458414046605e-11
-2.524685431405159093e-08
-1.485094823518857276e-08
1.440157302887639713e-08
1.455465523377660798e-08
4.354993155059337145e-09
4.419251901107785300e-10
2.212624979418518408e-10
4.440850587406263898e-11
-2.732587162675388776e-08
-1.623018560282660521e-08
1.490911513426872627e-08
1.509098657533940499e-08
4.470738309534306341e-09
4.522121026825885303e-10
2.264165151244132275e-10
4.545820727828911939e-11
-2.939123461067274776e-08
-1.763239737657107822e-08
1.529056912997126924e-08
1.550859188474944712e-08
4.547792791126747265e-09
4.585215469736901036e-10
2.295766513393905342e-10
4.610645285531571680e-11
-3.142861017333763410e-08
-1.904717439935968389e-08
1.554781426485156717e-08
1.580948461051560809e-08
4.588123971418731979e-09
4.611086514593139566e-10
2.308705897366195841e-10
4.637828310004893284e-11
-3.342286431164448850e-08
-2.046262070093006453e-08
1.568561376481007406e-08
1.599819638374194220e-08
4.594426398002254508e-09
4.602980289814691081e-10
2.304610233760311373e-10
4.630597457069410471e-11
-3.535868758521577992e-08
-2.186592656743669365e-08
1.571116227760492664e-08
1.608136523504580702e-08
4.569935018247214399e-09
4.564621457484034308e-10
2.285348030096327752e-10
4.592684711519727471e-11
-3.722120068608543478e-08
-2.324396172208068872e-08
1.563354622337428827e-08
1.606725621833467316e-08
4.518232448589314576e-09
4.499997697598762471e-10
2.252920664051799945e-10
4.528107267831871058e-11
-3.899649366628781818e-08
-2.458383836049813385e-08
1.546317602782952300e-08
1.596526312975044129e-08
4.443065237216514837e-09
4.413163739792709781e-10
2.209363692237296141e-10
4.440965320181525283e-11
-4.067206557407578529e-08
-2.587340015903154221e-08
1.521123886314385417e-08
1.578543285644862584e-08
4.348182817893305316e-09
4.308076711717240809e-10
2.156663720706165797e-10
4.335271838544540469e-11
-4.223714683559157346e-08
-2.710161295676863197e-08
1.488920792705919735e-08
1.553804150881267461e-08
4.237205867577233583e-09
4.188469351122297988e-10
2.096694483833702734e-10
4.214819535068553706e-11
-4.368290090863724589e-08
-2.825884589431068216e-08
1.450842923819876504e-08
1.523323948605181919e-08
4.113527425092673146e-09
4.057761779782361258e-10
2.031172400934550483e-10
4.083087916441997598e-11
-4.500251294425943153e-08
-2.933704372788162697e-08
1.407979570154880015e-08
1.488077264311986788e-08
3.980245727998539713e-09
3.919009012786314290e-10
1.961630030116148366e-10
3.943187133872264852e-11
-4.619118043130566053e-08
-3.032980084711826271e-08
1.361350773880513753e-08
1.448977844161843601e-08
3.840125476634354889e-09
3.774878702884736858e-10
1.889404955810671646e-10
3.797833351289831635e-11
-4.724602600187715077e-08
-3.123235299145347863e-08
1.311891330560473135e-08
1.406865020025727578e-08
3.695582757104773209e-09
3.627652478892754400e-10
1.815640590155125203e-10
3.649348766873001549e-11
-4.816595197126868269e-08
-3.204150431897862266e-08
1.260441628977959649e-08
1.362495992065287848e-08
3.548688354245054059e-09
3.479244294565773994e-10
1.741295393474498196e-10
3.499679725754677556e-11
-4.895145677369421334e-08
-3.275550843593256807e-08
1.207744059188309937e-08
1.316542851305589954e-08
3.401184098661429552e-09
3.331229718321654339e-10
1.667157859378885629e-10
3.350426452673539851e-11
-4.960442989026698436e-08
-3.337391936385402940e-08
1.154443668678164645e-08
1.269593217899576987e-08
3.254508104423315216e-09
3.184881243776274721e-10
1.593864261842233296e-10
3.202879021456297775e-11
-5.012793909806228910e-08
-3.389742646624354769e-08
1.101091996995277784e-08
1.222153541874039318e-08
3.109824666982057839e-09
3.041205799953653371e-10
1.521917680371564163e-10
3.058056330124969360e-11
-5.052602082564179028e-08
-3.432768463828916166e-08
1.048152983453516594e-08
1.174654189693306289e-08
2.968056376827863463e-09
2.900981795909899169e-10
1.451706658726603118e-10
2.916744013624941968e-11
-5.080348122186553637e-08
-3.466714760783340973e-08
9.960102092521192709e-09
1.127455624384578952e-08
2.829916030595843818e-09
2.764793958556596698e-10
1.383522752896071452e-10
2.779530489156743742e-11
-5.096571288925712484e-08
-3.491891052044933027e-08
9.449748040307097752e-09
1.080855138468291493e-08
2.695937120233241038e-09
2.633064994257231023e-10
1.317576460901189922e-10
2.646839463609474729e-11
-5.101853035506238517e-08
-3.508656524110565742e-08
8.952935262163772837e-09
1.035093744591055827e-08
2.566501953952684604e-09
2.506083612205778482e-10
1.254011300685331489e-10
2.518958799117127874e-11
-5.096802526634628911e-08
-3.517407080285496814e-08
8.471567091283891018e-09
9.903629275699087796e-09
2.441866944642390283e-09
2.384028911649209638e-10
1.192916020945797697e-10
2.396065484842962231e-11
-5.082044202653636076e-08
-3.518563944311114714e-08
8.007058122002888975e-09
9.468110660088947078e-09
2.322184967402831083e-09
2.266991231682876410e-10
1.134335080760258715e-10
2.278247043138633335e-11
-5.058207244054321133e-08
-3.512563848102743334e-08
7.560404386971027948e-09
9.045494084800931393e-09
2.207524770144280765e-09
2.154989829377261147e-10
1.078277469175141462e-10
2.165519448872074380e-11
-5.025916850666928865e-08
-3.499850740712082705e-08
7.132247455786855548e-09
8.636575236795566271e-09
2.097887629852506324e-09
2.047987703134308645e-10
1.024724147478317551e-10
2.057842227648243324e-11
-4.985787169307712955e-08
-3.480868848449412803e-08
6.722931987562399692e-09
8.241882137592747354e-09
1.993221486143843308e-09
1.945903947736911898e-10
9.736341323453869995e-11
1.955130972478700631e-11
-4.938415677947694529e-08
-3.456057075401285719e-08
6.332556892166285832e-09
7.861718734052060396e-09
1.893432820152661036e-09
1.848623982143932433e-10
9.249497550835115243e-11
1.857267744849050819e-11
-4.884378864704017914e-08
-3.425844471615162386e-08
5.961020179045750107e-09
7.496203354982045196e-09
1.798396542149662921e-09
1.756007985410237885e-10
8.786007265258926512e-11
1.764109418887707185e-11
-4.824228996572207474e-08
-3.390646753013783044e-08
5.608057971883288032e-09
7.145302179628860932e-09
1.707964173633267931e-09
1.667897776770703313e-10
8.345076402391858175e-11
1.675494770247262066e-11
-4.758491871260147243e-08
-3.350863618227148030e-08
5.273278111546584006e-09
6.808858226828185632e-09
1.621970545853164405e-09
1.584122456100666357e-10
7.925847673474003059e-11
1.591250005902049539e-11
-4.687665328689297956e-08
-3.306876846843924518e-08
4.956188891844576207e-09
6.486616171985449552e-09
1.540239252483321534e-09
1.504502950078996818e-10
7.527423270918182716e-11
1.511193379856365739e-11
-4.612218431140069143e-08
-3.259048997886386116e-08
4.656223380834130623e-09
6.178243580096025931e-09
1.462587044518085176e-09
1.428855665032520285e-10
7.148883052948790025e-11
1.435138810996940290e-11
-4.532591201291773231e-08
-3.207722599700633663e-08
4.372759890864571069e-09
5.883348801460657845e-09
1.388827342298965282e-09
1.356995409410177771e-10
6.789299117326588991e-11
1.362898791941521303e-11
-4.449194756265933550e-08
-3.153219783112860730e-08
4.105139002411146124e-09
5.601496080675193262e-09
1.318773010811406852e-09
1.288737691221085195e-10
6.447747277910457268e-11
1.294286779367307372e-11
-4.362411802938712515e-08
-3.095842245883930315e-08
3.852677738692214051e-09
5.332218117419324617e-09
1.252238526392905931e-09
1.223900511603220401e-10
6.123315964041691689e-11
1.229118756327159519e-11
-4.272597416395092292e-08
-3.035871482922621918e-08
3.614681049985869372e-09
5.075026518360513764e-09
1.189041640686998652e-09
1.162305743963772762e-10
5.815113111152216494e-11
1.167214819399314795e-11
-4.180079958167542871e-08
-2.973569230196523744e-08
3.390451205933310267e-09
4.829420347731549571e-09
1.129004633732249757e-09
1.103780145679953049e-10
5.522271223218788483e-11
1.108400064513617275e-11
-4.085162209777057067e-08
-2.909178071726104712e-08
3.179295303216133356e-09
4.594893136457157280e-09
1.071955231496425912e-09
1.048156122413281018e-10
5.243951130264596430e-11
1.052505374041444124e-11
-3.988122544586280469e-08
-2.842922152154852691e-08
2.980531162437449019e-09
4.370938516008331415e-09
1.017727252027210727e-09
9.952722383090218597e-11
4.979344574889218909e-11
9.993679051117727944e-12
-3.889216180811241544e-08
-2.775007986813889969e-08
2.793491935717817072e-09
4.157054724429043636e-09
9.661610327042599475e-10
9.449735488184552280e-11
4.727675846771137651e-11
9.488314206304481831e-12
-3.788676484307902187e-08
-2.705625322699450876e-08
2.617529573684234432e-09
3.952748123584614817e-09
9.171036826344021489e-10
8.971117889250264011e-11
4.488202710517589032e-11
9.007464534401048882e-12
-3.686716253132357852e-08
-2.634948020569204563e-08
2.452017385472683066e-09
3.757535945414208068e-09
8.704091964029856152e-10
8.515454342743468934e-11
4.260216709107213701e-11
8.549704065210042943e-12
-3.583528991071789272e-08
-2.563134967907765787e-08
2.296351803917469469e-09
3.570948336297323278e-09
8.259384587755904126e-10
8.081396796051490149e-11
4.043043037825700108e-11
8.113674362656402763e-12
-3.479290172338201632e-08
-2.490330971901494255e-08
2.149953574602397758e-09
3.392529857119253215e-09
7.835591650684247253e-10
7.667663344833022665e-11
3.836040044698217437e-11
7.698084240992388326e-12
-3.374158451049404360e-08
-2.416667656046069071e-08
2.012268363597178378e-09
3.221840517007464808e-09
7.431456767205382897e-10
7.273036676891409596e-11
3.638598427468769334e-11
7.301707865926159451e-12
-3.268276833640421826e-08
-2.342264317593380488e-08
1.882767011725314112e-09
3.058456427652743307e-09
7.045788287456051271e-10
6.896362148116545954e-11
3.450140248573251315e-11
6.923382187766594476e-12
-3.161773803086008519e-08
-2.267228773229011043e-08
1.760945430383819781e-09
2.901970156773148111e-09
6.677457014949896488e-10
6.536545459713758931e-11
3.270117818217977905e-11
6.562006678185674815e-12
-3.054764378952533142e-08
-2.191658154677030814e-08
1.646324228790584171e-09
2.751990820745380783e-09
6.325393681283095338e-10
6.192550202327059494e-11
3.098012411013858133e-11
6.216537050919633392e-12
-2.947351128006559027e-08
-2.115639684469553484e-08
1.538448157341856414e-09
2.608143987610153451e-09
5.988586241715221760e-10
5.863395197042670551e-11
2.933332970936299630e-11
5.885986240687970533e-12
-2.839625121540164207e-08
-2.039251399195733610e-08
1.436885384479814656e-09
2.470071416896717418e-09
5.666077131363055485e-10
5.548151833121433844e-11
2.775614752303415157e-11
5.569419775784845144e-12
-2.731666822107584978e-08
-1.962562847217876167e-08
1.341226645634840622e-09
2.337430675866080508e-09
5.356960368230964939e-10
5.245941294682328173e-11
2.624417943862842040e-11
5.265953493970704137e-12
-2.623546928525563004e-08
-1.885635730553833814e-08
1.251084336239998500e-09
2.209894662550738167e-09
5.060378768037468248e-10
4.955931842618019731e-11
2.479326300901366660e-11
4.974750654167073346e-12
-2.515327158294619684e-08
-1.808524517509234591e-08
1.166091549951527558e-09
2.087151054941258616e-09
4.775521134551585035e-10
4.677336111794142022e-11
2.339945796224419578e-11
4.695019252556641085e-12
-2.407060979400448140e-08
-1.731277028026696011e-08
1.085901004902374048e-09
1.968901699703886524e-09
4.501619481979193885e-10
4.409408454833326385e-11
2.205903279148375227e-11
4.426009339171278907e-12
-2.298794293181160655e-08
-1.653934952164713528e-08
1.010184054705233869e-09
1.854862011951363115e-09
4.237946376067909003e-10
4.151442358558541654e-11
2.076845198628204113e-11
4.167010390824890695e-12
-2.190566067815042823e-08
-1.576534364620405203e-08
9.386296397174410411e-10
1.744760250385107746e-09
3.983812321743938282e-10
3.902767961618140866e-11
1.952436340316412999e-11
3.917348860498953379e-12
-2.082408929740220825e-08
-1.499106186156620750e-08
8.709432739244178797e-10
1.638336881577604973e-09
3.738563260905539956e-10
3.662749604845586799e-11
1.832358618869968866e-11
3.676385447352562050e-12
-1.974349707501056083e-08
-1.421676621105157877e-08
8.068459748044321894e-10
1.535343897721101072e-09
3.501578143640099282e-10
3.430783540968497304e-11
1.716309916909511482e-11
3.443513306861808131e-12
-1.866409940983479317e-08
-1.344267558487387504e-08
7.460732945914537223e-10
1.435544122761699782e-09
3.272266622541143458e-10
3.206295677925055995e-11
1.604002961258852048e-11
3.218155244237873763e-12
-1.758606351521104563e-08
-1.266896951683181788e-08
6.883743423449450260e-10
1.338710541503691671e-09
3.050066831313909130e-10
2.988739454008860209e-11
1.495164259553776669e-11
2.999761844990426988e-12
-1.650951277125251950e-08
-1.189579169218929170e-08
6.335108247865484951e-10
1.244625636516761143e-09
2.834443253691921508e-10
2.777593798794074160e-11
1.389533072233333322e-11
2.787809339776722582e-12
-1.543453078376353469e-08
-1.112325317211820594e-08
5.812561429930710385e-10
1.153080731047426816e-09
2.624884703159005847e-10
2.572361150901960016e-11
1.286860438147710654e-11
2.581797645971359828e-12
-1.436116511715505262e-08
-1.035143545711932534e-08
5.313944747741825278e-10
1.063875352593013128e-09
2.420902372422996988e-10
2.372565614982877028e-11
1.186908229528039042e-11
2.381248481564874204e-12
-1.328943078984625617e-08
-9.580393266305987293e-09
4.837199432673212354e-10
9.768166107823694869e-10
2.222027991489508129e-10
2.177751159424629270e-11
1.089448265915974428e-11
2.185703554607598663e-12
-1.221931348372170008e-08
-8.810157209753880147e-09
4.380357639440164979e-10
8.917185833131632521e-10
2.027812049645044787e-10
1.987479912370172911e-11
9.942614497598895371e-12
1.994722853617727961e-12
-1.115077258653644972e-08
-8.040736186215808626e-09
3.941534589493360054e-10
8.084017266281992104e-10
1.837822100403598549e-10
1.801330521945100929e-11
9.011369551317758840e-12
1.807882983005721012e-12
-1.008374398798375300e-08
-7.272119716659189045e-09
3.518920753457473838e-10
7.266923068447368748e-10
1.651641138384720843e-10
1.618896583578408072e-11
8.098714384005728619e-12
1.624775601323804983e-12
-9.018142683541882734e-09
-6.504280085951751601e-09
3.110774423322354743e-10
6.464218237785915076e-10
1.468866040081457132e-10
1.439785137042285068e-11
7.202682811659844374e-12
1.445005887005976646e-12
-7.953865264880154203e-09
-5.737174317020909191e-09
2.715414429746981084e-10
5.674264790736322726e-10
1.289106060931700552e-10
1.263615214188487317e-11
6.321368691399459667e-12
1.268191087749319318e-12
-6.890792220111244944e-09
-4.970746137892322907e-09
2.331213233656439063e-10
4.895466403606065489e-10
1.111981389778098134e-10
1.090016441368938070e-11
5.452918873205399662e-12
1.093959096435519404e-12
-5.828790118068248107e-09
-4.204927714299176325e-09
1.956590081073500996e-10
4.126263023963479837e-10
9.371217546132998902e-11
9.186276796555447547e-12
4.595526450520428153e-12
9.219471224526022676e-13
-4.767713685047759802e-09
-3.439641426179287374e-09
1.590004417660368785e-10
3.365126137082678540e-10
7.641650586556336801e-11
7.490957210002356643e-12
3.747424179856803272e-12
7.518002827489412867e-13
-3.707407789841639167e-09
-2.674801449497591955e-09
1.229949344817658586e-10
2.610553469265692224e-10
5.927560674491346592e-11
5.810740026014106014e-12
2.906878108566591347e-12
5.831706225264622711e-13
-2.647709337249567498e-09
-1.910315371485572052e-09
8.749453605066947289e-11
1.861064209975853947e-10
4.225451177625885305e-11
4.142213614278357581e-12
2.072181280008200249e-12
4.157151984639600100e-13
-1.588449106082414919e-09
-1.146085667264714579e-09
5.235342626073775195e-11
1.115194153201813990e-10
2.531868517509575976e-11
2.482008094664614727e-12
1.241647639628636533e-12
2.490962108763086807e-13
-5.294535334360676035e-10
-3.820112236488758306e-10
1.742728953991923297e-11
3.714908929582113200e-11
8.433897509258742063e-12
8.267832776021591591e-13
4.136059872728395104e-13
8.297636270628672159e-14
5.294535334581319226e-10
3.820112236500746738e-10
-1.742728953363057298e-11
-3.714908924865069874e-11
-8.433897509162294742e-12
-8.267832771023086168e-13
-4.136059869296702239e-13
-8.297634828816757369e-14
1.588449106683887307e-09
1.146085667198498771e-09
-5.235342620718550395e-11
-1.115194153872040442e-10
-2.531868517089748534e-11
-2.482008095521698646e-12
-1.241647638849421895e-12
-2.490956154346907143e-13
2.647709337929347007e-09
1.910315371271010914e-09
-8.749453598181891366e-11
-1.861064210899071263e-10
-4.225451176519973260e-11
-4.142213611271940564e-12
-2.072181280354255378e-12
-4.157151898661637418e-13
3.707407788641338059e-09
2.674801450512583098e-09
-1.229949344684016443e-10
-2.610553469627157744e-10
-5.927560674513317285e-11
-5.810740027391589532e-12
-2.906878106707161628e-12
-5.831705941232706712e-13
4.767713685553365679e-09
3.439641425770909132e-09
-1.590004417202158030e-10
-3.365126138238850596e-10
-7.641650584998344702e-11
-7.490957212850688458e-12
-3.747424184290157737e-12
-7.518000751949876652e-13
5.828790117179608802e-09
4.204927714281960215e-09
-1.956590081533590743e-10
-4.126263061520838517e-10
-9.371217542327093083e-11
-9.186276799655135641e-12
-4.595526448214011922e-12
-9.219471228983031759e-13
6.890792220807397666e-09
4.970746137636198838e-09
-2.331213234997240417e-10
-4.895466403073743745e-10
-1.111981390370140767e-10
-1.090016441794494546e-11
-5.452918871989868253e-12
-1.093959096544753895e-12
7.953865264471718886e-09
5.737174317502658353e-09
-2.715414428746190771e-10
-5.674264787303046521e-10
-1.289106060534030629e-10
-1.263615215413210447e-11
-6.321368691499378077e-12
-1.268191083052181884e-12
9.018142682148644230e-09
6.504280084867113504e-09
-3.110774427192407644e-10
-6.464218235807612345e-10
-1.468866040192087886e-10
-1.439785137470044397e-11
-7.202682811699753415e-12
-1.445005887319790109e-12
1.008374398365319614e-08
7.272119716387957349e-09
-3.518920747424431007e-10
-7.266923061403312684e-10
-1.651641138208559290e-10
-1.618896583551079123e-11
-8.098714383984391560e-12
-1.624775602084058889e-12
1.115077258827916045e-08
8.040736185655395415e-09
-3.941534590206483317e-10
-8.084017268733309796e-10
-1.837822099698958541e-10
-1.801330522086782428e-11
-9.011369556880574309e-12
-1.807882984118469374e-12
1.221931348415179595e-08
8.810157209589927987e-09
-4.380357641650311443e-10
-8.917185825455199981e-10
-2.027812049883875353e-10
-1.987479911849721856e-11
-9.942614484660792157e-12
-1.994722858029682763e-12
1.328943078794549934e-08
9.580393266701187720e-09
-4.837199439181600729e-10
-9.768166101580737379e-10
-2.222027991561504378e-10
-2.177751157955110276e-11
-1.089448265712065198e-11
-2.185703597268055409e-12
1.436116511715987839e-08
1.035143545733861092e-08
-5.313944751695492180e-10
-1.063875352560593439e-09
-2.420902371238613420e-10
-2.372565614897227646e-11
-1.186908230755694301e-11
-2.381248482348419424e-12
1.543453078348749460e-08
1.112325317193845794e-08
-5.812561429677745112e-10
-1.153080730905470836e-09
-2.624884702683892432e-10
-2.572361150108073423e-11
-1.286860439694361654e-11
-2.581797625599988679e-12
1.650951277195226467e-08
1.189579169209854006e-08
-6.335108252903854470e-10
-1.244625635146652264e-09
-2.834443253420893195e-10
-2.777593798495179877e-11
-1.389533072766942204e-11
-2.787809340216247504e-12
1.758606351365513544e-08
1.266896951852156259e-08
-6.883743418506986129e-10
-1.338710542988443440e-09
-3.050066831536838958e-10
-2.988739455403932623e-11
-1.495164259085551407e-11
-2.999761846276841878e-12
1.866409941016580438e-08
1.344267558450201931e-08
-7.460732949218623326e-10
-1.435544123137136176e-09
-3.272266622530150745e-10
-3.206295676900075173e-11
-1.604002961094787559e-11
-3.218155192331821401e-12
1.974349707354905180e-08
1.421676620848400188e-08
-8.068459749947276742e-10
-1.535343896191237353e-09
-3.501578142431316471e-10
-3.430783540465130113e-11
-1.716309916447343056e-11
-3.443513305718625138e-12
2.082408928856267829e-08
1.499106186630336499e-08
-8.709432740919505949e-10
-1.638336881679256165e-09
-3.738563259662085353e-10
-3.662749601862781911e-11
-1.832358619957265469e-11
-3.676385438616336015e-12
2.190566067509854205e-08
1.576534364750415496e-08
-9.386296394452221054e-10
-1.744760245360338317e-09
-3.983812321160994636e-10
-3.902767959595387646e-11
-1.952436340715890506e-11
-3.917348808547037326e-12
2.298794292761665603e-08
1.653934952472005832e-08
-1.010184054704384768e-09
-1.854862011553995889e-09
-4.237946375552347490e-10
-4.151442360088580864e-11
-2.076845198731722212e-11
-4.167010389380948385e-12
2.407060979404758082e-08
1.731277027260122260e-08
-1.085901004798096145e-09
-1.968901699763536999e-09
-4.501619484106715345e-10
-4.409408454175961428e-11
-2.205903278006545126e-11
-4.426009339392437438e-12
2.515327157824204055e-08
1.808524517639938723e-08
-1.166091554321114934e-09
-2.087151054938053705e-09
-4.775521134600148809e-10
-4.677336111760285132e-11
-2.339945796064830912e-11
-4.695019252577612214e-12
2.623546929227819491e-08
1.885635729755266371e-08
-1.251084342648332141e-09
-2.209894662557020190e-09
-5.060378771315971722e-10
-4.955931844837559219e-11
-2.479326301580496807e-11
-4.974750655646071474e-12
2.731666822590507247e-08
1.962562848236807503e-08
-1.341226645652283379e-09
-2.337430675861650129e-09
-5.356960369456182794e-10
-5.245941293672968139e-11
-2.624417942802092441e-11
-5.265953493305752707e-12
2.839625121248258124e-08
2.039251399549281853e-08
-1.436885384504600503e-09
-2.470071416894725154e-09
-5.666077128495441572e-10
-5.548151830919855162e-11
-2.775614752958162216e-11
-5.569419773579821546e-12
2.947351128675013606e-08
2.115639684253326156e-08
-1.538448157441114779e-09
-2.608143987608027597e-09
-5.988586247106292820e-10
-5.863395199159910415e-11
-2.933332971483919045e-11
-5.885986238368322643e-12
3.054764379043242430e-08
2.191658154237745962e-08
-1.646324228854360209e-09
-2.751990820734080255e-09
-6.325393681406859135e-10
-6.192550201349745600e-11
-3.098012409277739798e-11
-6.216537054989418552e-12
3.161773802551334192e-08
2.267228772289133359e-08
-1.760945430287807480e-09
-2.901970156772758509e-09
-6.677457014086088318e-10
-6.536545466060096678e-11
-3.270117819884291890e-11
-6.562006681443734069e-12
3.268276833552790973e-08
2.342264316886071912e-08
-1.882767011707972270e-09
-3.058456427649618632e-09
-7.045788284524803388e-10
-6.896362148293986535e-11
-3.450140251011006864e-11
-6.923382369967154957e-12
3.374158450726787378e-08
2.416667655919782745e-08
-2.012268363546257139e-09
-3.221840517014014010e-09
-7.431456767257323636e-10
-7.273036675182427308e-11
-3.638598424658296541e-11
-7.301707825208898194e-12
3.479290172739474226e-08
2.490330973121764330e-08
-2.149953574696293097e-09
-3.392529857122168200e-09
-7.835591650700112577e-10
-7.667663343071869838e-11
-3.836040047933171533e-11
-7.698084260651303320e-12
3.583528990964041387e-08
2.563134968493399072e-08
-2.296351803893793905e-09
-3.570948336295166818e-09
-8.259384587794438335e-10
-8.081396800079178600e-11
-4.043043041512432466e-11
-8.113674362211240653e-12
3.686716252726752817e-08
2.634948020344341138e-08
-2.452017385575741912e-09
-3.757535945879746971e-09
-8.704091964020202955e-10
-8.515454351766088807e-11
-4.260216706590311185e-11
-8.549704068383466433e-12
3.788676484010063565e-08
2.705625323448240574e-08
-2.617529573702125935e-09
-3.952748123645112325e-09
-9.171036826343684413e-10
-8.971117889114864885e-11
-4.488202711308713617e-11
-9.007464612137343813e-12
3.889216180864968580e-08
2.775007986753525306e-08
-2.793491935714496769e-09
-4.157054724427024489e-09
-9.661610327090811697e-10
-9.449735491907830511e-11
-4.727675850574137352e-11
-9.488313832572563226e-12
3.988122543507368282e-08
2.842922152314865817e-08
-2.980531162439961994e-09
-4.370938516012131483e-09
-1.017727252027089752e-09
-9.952722383568773600e-11
-4.979344576678809300e-11
-9.993679088560471962e-12
4.085162209673987716e-08
2.909178072201302438e-08
-3.179295303105127786e-09
-4.594893136457467473e-09
-1.071955231496765262e-09
-1.048156122990014476e-10
-5.243951124578801176e-11
-1.052505373680778514e-11
4.180079959456488789e-08
2.973569231132118618e-08
-3.390451205922498602e-09
-4.829420347734026977e-09
-1.129004633732790733e-09
-1.103780145892715664e-10
-5.522271216938118537e-11
-1.108400062496968389e-11
4.272597412997752328e-08
3.035871482161566785e-08
-3.614681048100323987e-09
-5.075026518360091075e-09
-1.189041640687051798e-09
-1.162305744078705243e-10
-5.815113108700162999e-11
-1.167214816021075246e-11
4.362411803043863053e-08
3.095842246121546880e-08
-3.852677738685590816e-09
-5.332218117223904852e-09
-1.252238526393020495e-09
-1.223900513759371358e-10
-6.123315974660947212e-11
-1.229118757910950121e-11
4.449194754406384549e-08
3.153219782287035370e-08
-4.105139002442709682e-09
-5.601496080671059013e-09
-1.318773010811174414e-09
-1.288737691378524807e-10
-6.447747278585949759e-11
-1.294286780718695280e-11
4.532591202012411657e-08
3.207722599600637453e-08
-4.372759890851301437e-09
-5.883348801459314504e-09
-1.388827342301239202e-09
-1.356995409356531748e-10
-6.789299114941431789e-11
-1.362898825735906389e-11
4.612218432432947146e-08
3.259048999547680438e-08
-4.656223389095993210e-09
-6.178243580108102768e-09
-1.462587044518415014e-09
-1.428855665069986397e-10
-7.148883046815434484e-11
-1.435138810492491302e-11
4.687665329449262534e-08
3.306876848801203254e-08
-4.956188891920424533e-09
-6.486616171990038750e-09
-1.540239252487800717e-09
-1.504502950379321800e-10
-7.527423270917882863e-11
-1.511193378996946409e-11
4.758491872141611418e-08
3.350863617128710410e-08
-5.273278114948883745e-09
-6.808858226828726608e-09
-1.621970545854312945e-09
-1.584122456373276911e-10
-7.925847678487266871e-11
-1.591250006173033907e-11
4.824228998273954899e-08
3.390646753308395661e-08
-5.608057971354799030e-09
-7.145302179633215211e-09
-1.707964173634184654e-09
-1.667897776768184549e-10
-8.345076400143039725e-11
-1.675494783517460847e-11
4.884378864837802136e-08
3.425844471303109492e-08
-5.961020179038322025e-09
-7.496203354982122951e-09
-1.798396542152771879e-09
-1.756007984745700109e-10
-8.786007264689106345e-11
-1.764109418751254372e-11
4.938415678665984424e-08
3.456057074922483802e-08
-6.332556892178088872e-09
-7.861718734074485262e-09
-1.893432820162229034e-09
-1.848623983843288148e-10
-9.249497562626209106e-11
-1.857267743741777158e-11
4.985787168089723914e-08
3.480868848657068224e-08
-6.722931992375300455e-09
-8.241882140803263613e-09
-1.993221486145074566e-09
-1.945903947736761196e-10
-9.736341318049977894e-11
-1.955131030834805214e-11
5.025916850646985209e-08
3.499850741909028272e-08
-7.132247454422002574e-09
-8.636575239760214674e-09
-2.097887629852341715e-09
-2.047987703133993799e-10
-1.024724134523378628e-10
-2.057842129655222217e-11
5.058207241915532501e-08
3.512563850807441957e-08
-7.560404386928272636e-09
-9.045494084793887123e-09
-2.207524770137672006e-09
-2.154989829377295785e-10
-1.078277469177103043e-10
-2.165519448820725528e-11
5.082044202418837219e-08
3.518563944481191651e-08
-8.007058122043018815e-09
-9.468110659883829447e-09
-2.322184967403808397e-09
-2.266991231704724060e-10
-1.134335079259314031e-10
-2.278247049146102003e-11
5.096802528868596253e-08
3.517407081643430256e-08
-8.471567091268252341e-09
-9.903629275721782324e-09
-2.441866944642279027e-09
-2.384028911647580609e-10
-1.192916018767973574e-10
-2.396065484860701701e-11
5.101853037920832327e-08
3.508656524374498561e-08
-8.952935262045944267e-09
-1.035093744590220706e-08
-2.566501953949722470e-09
-2.506083612201960009e-10
-1.254011300848705864e-10
-2.518958832004420237e-11
5.096571289135533795e-08
3.491891052301713712e-08
-9.449748041499051779e-09
-1.080855138466519837e-08
-2.695937120230797546e-09
-2.633064994262573058e-10
-1.317576465849829732e-10
-2.646839495601941200e-11
5.080348122444746485e-08
3.466714761062378111e-08
-9.960102092517116363e-09
-1.127455624384857050e-08
-2.829916030603379847e-09
-2.764793958541839279e-10
-1.383522753173114919e-10
-2.779530489132045938e-11
5.052602081978196341e-08
3.432768463652029879e-08
-1.048152983481064024e-08
-1.174654189692864079e-08
-2.968056376821859372e-09
-2.900981795911612467e-10
-1.451706663770870693e-10
-2.916744013670911238e-11
5.012793909354563811e-08
3.389742647067184256e-08
-1.101091996998202364e-08
-1.222153541874062644e-08
-3.109824666973203698e-09
-3.041205799974191232e-10
-1.521917684449694088e-10
-3.058056328800947236e-11
4.960442987955285137e-08
3.337391936219571094e-08
-1.154443668676360564e-08
-1.269593217899584266e-08
-3.254508104423510844e-09
-3.184881243839160093e-10
-1.593864260832065081e-10
-3.202879013643085751e-11
4.895145678189348566e-08
3.275550843437941405e-08
-1.207744060319142927e-08
-1.316542851305617912e-08
-3.401184098662608698e-09
-3.331229718321576791e-10
-1.667157859356026752e-10
-3.350426406740159077e-11
4.816595195883456328e-08
3.204150432436589117e-08
-1.260441631484233691e-08
-1.362495992062957018e-08
-3.548688354244040350e-09
-3.479244294554162964e-10
-1.741295406202935551e-10
-3.499679582802346438e-11
4.724602600905631748e-08
3.123235298497445744e-08
-1.311891330560166251e-08
-1.406865020025593575e-08
-3.695582757104924169e-09
-3.627652478902964393e-10
-1.815640595733680109e-10
-3.649348841553108393e-11
4.619118042789700804e-08
3.032980084878789700e-08
-1.361350773882733244e-08
-1.448977844147521465e-08
-3.840125476634051314e-09
-3.774878702861187543e-10
-1.889404973510764336e-10
-3.797833353527012687e-11
4.500251292378152991e-08
2.933704372821017319e-08
-1.407979570130751322e-08
-1.488077264623097026e-08
-3.980245727998427216e-09
-3.919009012779018040e-10
-1.961630029901870072e-10
-3.943187105402792921e-11
4.368290090617646960e-08
2.825884590454149351e-08
-1.450842923820280168e-08
-1.523323948576525404e-08
-4.113527425093496190e-09
-4.057761779782925292e-10
-2.031172400942494778e-10
-4.083087916229014746e-11
4.223714683087140957e-08
2.710161295124962998e-08
-1.488920792699653511e-08
-1.553804150881871965e-08
-4.237205867577228619e-09
-4.188469351122813425e-10
-2.096694494464662605e-10
-4.214819491235152509e-11
4.067206557314356598e-08
2.587340016564092375e-08
-1.521123886312385956e-08
-1.578543285643758464e-08
-4.348182817889533372e-09
-4.308076711718951005e-10
-2.156663723295721655e-10
-4.335271838560291797e-11
3.899649366247247076e-08
2.458383836490003173e-08
-1.546317602774264256e-08
-1.596526312974730462e-08
-4.443065237215919267e-09
-4.413163739733891036e-10
-2.209363680169456596e-10
-4.440965370850757402e-11
3.722120068133644530e-08
2.324396172514709688e-08
-1.563354622312821527e-08
-1.606725621835169323e-08
-4.518232450488560140e-09
-4.499997697822731962e-10
-2.252920663237332064e-10
-4.528107255736695262e-11
3.535868759426650563e-08
2.186592656728511776e-08
-1.571116227770794702e-08
-1.608136522856867181e-08
-4.569935018245373095e-09
-4.564621455891912738e-10
-2.285348029982025091e-10
-4.592684711504768426e-11
3.342286431316877722e-08
2.046262070607733817e-08
-1.568561376506226157e-08
-1.599819638471247321e-08
-4.594426390123588302e-09
-4.602980290511813569e-10
-2.304610233761306833e-10
-4.630597457085647122e-11
3.142861017752159966e-08
1.904717442001072764e-08
-1.554781426487366612e-08
-1.580948461556306419e-08
-4.588123971409340171e-09
-4.611086515494263921e-10
-2.308705875372948142e-10
-4.637828309996759126e-11
2.939123461203620942e-08
1.763239738217316554e-08
-1.529056912986863598e-08
-1.550859188454108032e-08
-4.547792793851234530e-09
-4.585215468786562536e-10
-2.295766516646948197e-10
-4.610645284986194054e-11
2.732587162702359165e-08
1.623018552847506557e-08
-1.490911513411378872e-08
-1.509098657543208230e-08
-4.470738309560910952e-09
-4.522121026770466270e-10
-2.264165146262866136e-10
-4.545820560565668947e-11
2.524685414364733563e-08
1.485094826788972725e-08
-1.440157302875636661e-08
-1.455465523469590673e-08
-4.354993154880073871e-09
-4.419251901105884336e-10
-2.212624958904153581e-10
-4.440850587393204138e-11
2.316712534919931333e-08
1.350311881427868258e-08
-1.376925074516037512e-08
-1.390039153975014229e-08
-4.199475371598819264e-09
-4.274947089055515737e-10
-2.140317528780488984e-10
-4.294148502399574072e-11
2.109774167080618902e-08
1.219280316955784981e-08
-1.301673965032501473e-08
-1.313191360108724982e-08
-4.004099333348425021e-09
-4.088585843311426110e-10
-2.046937669449519344e-10
-4.105190748795008750e-11
1.904751826405037311e-08
1.092361318252541568e-08
-1.215176500452285957e-08
-1.225577144659804582e-08
-3.769820588124666633e-09
-3.860669754054573207e-10
-1.932744217973990163e-10
-3.874593309992805149e-11
1.702284818487904994e-08
9.696705645839185946e-09
-1.118477694931361853e-08
-1.128103092467428167e-08
-3.498603472302190309e-09
-3.592822197512830630e-10
-1.798559059832512099e-10
-3.604099352097362396e-11
1.502769879681879959e-08
8.511019149620661153e-09
-1.012830521559828653e-08
-1.021874791766760455e-08
-3.193309738219126968e-09
-3.287699457016642326e-10
-1.645721365814789148e-10
-3.296480276102062123e-11
1.306376906404127051e-08
7.363670805059900115e-09
-8.996136242880315393e-09
-9.081279619722262381e-09
-2.857517565259350158e-09
-2.948820586391647916e-10
-1.476001618206726354e-10
-2.955355011879971655e-11
1.113076538907556482e-08
6.250451462482200635e-09
-7.802404943751878202e-09
-7.881508217885502128e-09
-2.495292310122374470e-09
-2.580337277092348153e-10
-1.291485387615593767e-10
-2.584950195797725388e-11
9.226744435610783892e-09
5.166344627825614224e-09
-6.560712118642904859e-09
-6.632071530857220734e-09
-2.110938184290700310e-09
-2.186773989784171184e-10
-1.094442410555707540e-10
-2.189833993602404981e-11
7.348470140734725976e-09
4.105997227795762142e-09
-5.283382524274268940e-09
-5.344700800645509216e-09
-1.708765324469913550e-09
-1.772776713805489778e-10
-8.872001381781489181e-11
-1.774660939009036102e-11
5.491744859496040252e-09
3.064085604876930495e-09
-3.980961775130285103e-09
-4.029754134697365200e-09
-1.292904030858193386e-09
-1.342903170142601328e-10
-6.720388451761118049e-11
-1.343962778220191594e-11
3.651691190781365103e-09
2.035544570468704185e-09
-2.662017693080741675e-09
-2.696007487157227836e-09
-8.671913103336164422e-10
-9.014854901190828864e-11
-4.511230584068461959e-11
-9.020145439322637835e-12
1.822978151825914013e-09
1.015653932937288406e-09
-1.333266934589919197e-09
-1.350726555011120829e-09
-4.351417039678405724e-10
-4.525798061518225201e-11
-2.264764988574006649e-11
-4.527892723954648445e-12
1.604935522404056477e-23
9.670875714415776042e-24
-8.244968610316741411e-24
-1.409958614846501566e-23
-3.987749928492347905e-24
1.579751794301351584e-21
-9.561210517216745093e-19
5.819356777823863229e-24
