1.742606543064182040e-39
1.013198196150940981e-39
-1.281204826532272496e-39
-1.290454219682121599e-39
-3.389541436709289761e-40
2.745031441625577167e-39
-9.091622228142287715e-38
4.826266389517976480e-39
1.822978151822178051e-09
1.015653932353844419e-09
-1.333266934590206229e-09
-1.350726555021070364e-09
-4.351417039698302002e-10
-4.525798061414920683e-11
-2.264764982707034930e-11
-4.527892736688963112e-12
3.651691190554714720e-09
2.035544570449612856e-09
-2.662017693090481313e-09
-2.696007487157528516e-09
-8.671913103336452901e-10
-9.014854881357145793e-11
-4.511230618114456645e-11
-9.020145579477332322e-12
5.491744859591396806e-09
3.064085604879020781e-09
-3.980961775127619927e-09
-4.029754134696958227e-09
-1.292904030857966532e-09
-1.342903170012478063e-10
-6.720388450165392297e-11
-1.343962765926902164e-11
7.348470138516254870e-09
4.105997227810461142e-09
-5.283382524272399512e-09
-5.344700800644389214e-09
-1.708765322302727642e-09
-1.772776714358726783e-10
-8.872001267750242174e-11
-1.774660939018844008e-11
9.226744435479490477e-09
5.166344627830239818e-09
-6.560712118654591267e-09
-6.632071530856420024e-09
-2.110938184284981183e-09
-2.186773990214694653e-10
-1.094442408640242748e-10
-2.189833994171531092e-11
1.113076541664794806e-08
6.250451462091388402e-09
-7.802404943801643042e-09
-7.881508217841555677e-09
-2.495292310163303367e-09
-2.580337277101188128e-10
-1.291485387485401743e-10
-2.584950195800370427e-11
1.306376903725736080e-08
7.363670804315502084e-09
-8.996136242873888200e-09
-9.081279619721539426e-09
-2.857517569318677803e-09
-2.948820586440259770e-10
-1.476001627329799040e-10
-2.955355012778452005e-11
1.502769880984960739e-08
8.511019190811828711e-09
-1.012830521554923969e-08
-1.021874791769690660e-08
-3.193309737383857356e-09
-3.287699455258990541e-10
-1.645721346115257194e-10
-3.296480285527372905e-11
1.702284818475700772e-08
9.696705645152161162e-09
-1.118477694936479124e-08
-1.128103092467379694e-08
-3.498603471184016656e-09
-3.592822197954749805e-10
-1.798559060048463366e-10
-3.604099333459425769e-11
1.904751826221048189e-08
1.092361318211610190e-08
-1.215176500450813410e-08
-1.225577144659773646e-08
-3.769820588018518681e-09
-3.860669754607674762e-10
-1.932744227501720123e-10
-3.874593309980803275e-11
2.109774167195403116e-08
1.219280316733502029e-08
-1.301673963540516795e-08
-1.313191360108395764e-08
-4.004099333424587676e-09
-4.088585843306800103e-10
-2.046937688445950361e-10
-4.105190747168863432e-11
2.316712550885883327e-08
1.350311881421245684e-08
-1.376925074515937423e-08
-1.390039153928547689e-08
-4.199475369880861912e-09
-4.274947115374198392e-10
-2.140317537241857506e-10
-4.294148500859276529e-11
2.524685414121786978e-08
1.485094823535624889e-08
-1.440157302865414363e-08
-1.455465521559552553e-08
-4.354993155547134651e-09
-4.419251901099098353e-10
-2.212624962423722818e-10
-4.440850587407462017e-11
2.732587145957967350e-08
1.623018560336338918e-08
-1.490911513418998198e-08
-1.509098657538735168e-08
-4.470738309807017863e-09
-4.522121026817352935e-10
-2.264165156343816815e-10
-4.545820783600068060e-11
2.939123444633575638e-08
1.763239738464355036e-08
-1.529056912967948294e-08
-1.550859188471700179e-08
-4.547792791687402012e-09
-4.585215468603456285e-10
-2.295766517543536242e-10
-4.610645256183774818e-11
3.142861018091566068e-08
1.904717439936315143e-08
-1.554781426483564559e-08
-1.580948461598891993e-08
-4.588123971411959852e-09
-4.611086512600820259e-10
-2.308705885636311275e-10
-4.637828309998637084e-11
3.342286430982594846e-08
2.046262070611990157e-08
-1.568561376512461445e-08
-1.599819638498662403e-08
-4.594426397997822474e-09
-4.602980290340300254e-10
-2.304610233750894956e-10
-4.630597457076453785e-11
3.535868757574306636e-08
2.186592657212083548e-08
-1.571116227751013174e-08
-1.608136523597580949e-08
-4.569935018247251622e-09
-4.564621461206792708e-10
-2.285348030726695989e-10
-4.592684741106225393e-11
3.722120069228505421e-08
2.324396171967746103e-08
-1.563354622322851588e-08
-1.606725621833337284e-08
-4.518232448585548423e-09
-4.499997697780239177e-10
-2.252920664415655758e-10
-4.528107250093925032e-11
3.899649366166941074e-08
2.458383836435426458e-08
-1.546317602779269691e-08
-1.596526312974924353e-08
-4.443065237215943256e-09
-4.413163739735284318e-10
-2.209363712292353940e-10
-4.440965453697389020e-11
4.067206557514997527e-08
2.587340016870924767e-08
-1.521123885980534660e-08
-1.578543285644139298e-08
-4.348182817888040311e-09
-4.308076711714638292e-10
-2.156663724533020741e-10
-4.335271838553227804e-11
4.223714683522295531e-08
2.710161295069554470e-08
-1.488920792697881525e-08
-1.553804150884139432e-08
-4.237205867577279077e-09
-4.188469351124149322e-10
-2.096694492217896338e-10
-4.214819488484159172e-11
4.368290091157480909e-08
2.825884590495205303e-08
-1.450842923828214981e-08
-1.523323948542852867e-08
-4.113527425094391200e-09
-4.057761779783575663e-10
-2.031172400900914476e-10
-4.083087849726397344e-11
4.500251292106670329e-08
2.933704373654015989e-08
-1.407979570129861772e-08
-1.488077264199228339e-08
-3.980245727998431352e-09
-3.919009012779708736e-10
-1.961630030097765569e-10
-3.943187324699638475e-11
4.619118043368602825e-08
3.032980084710487562e-08
-1.361350773881520267e-08
-1.448977844136557186e-08
-3.840125476634377223e-09
-3.774878702881649406e-10
-1.889404965462883240e-10
-3.797833354268693844e-11
4.724602599945907023e-08
3.123235298374255390e-08
-1.311891330557031568e-08
-1.406865020025579679e-08
-3.695582757104685527e-09
-3.627652478900469927e-10
-1.815640590835887867e-10
-3.649348821554102937e-11
4.816595196166218425e-08
3.204150429924035948e-08
-1.260441631478446735e-08
-1.362495992066572294e-08
-3.548688354241407020e-09
-3.479244294560795918e-10
-1.741295393367165566e-10
-3.499679772793496684e-11
4.895145678282784241e-08
3.275550844050569895e-08
-1.207744060305315942e-08
-1.316542851304787919e-08
-3.401184098663000781e-09
-3.331229718321682774e-10
-1.667157859449504106e-10
-3.350426447393388154e-11
4.960442987248718708e-08
3.337391936251863563e-08
-1.154443668670524639e-08
-1.269593217899823486e-08
-3.254508104423471139e-09
-3.184881243839074790e-10
-1.593864262045350856e-10
-3.202879022116887443e-11
5.012793909642022309e-08
3.389742646433625449e-08
-1.101091996995846057e-08
-1.222153541873701663e-08
-3.109824666974693450e-09
-3.041205799951372938e-10
-1.521917678632099753e-10
-3.058056219965104687e-11
5.052602080662590723e-08
3.432768463217813659e-08
-1.048152983487039081e-08
-1.174654189716614750e-08
-2.968056376832207402e-09
-2.900981795908895178e-10
-1.451706660893303730e-10
-2.916744013346443827e-11
5.080348124037544958e-08
3.466714761549034273e-08
-9.960102085792543302e-09
-1.127455624384391843e-08
-2.829916030612107430e-09
-2.764793958546859231e-10
-1.383522752987534880e-10
-2.779530486159038294e-11
5.096571290516323230e-08
3.491891052135799810e-08
-9.449748029118879434e-09
-1.080855138467681695e-08
-2.695937120238700430e-09
-2.633064994258429400e-10
-1.317576463607154907e-10
-2.646839467592236933e-11
5.101853036858242729e-08
3.508656524185219123e-08
-8.952935262227641106e-09
-1.035093744590198537e-08
-2.566501953953313261e-09
-2.506083612201282238e-10
-1.254011296537696162e-10
-2.518958742834374114e-11
5.096802528203357090e-08
3.517407082076063584e-08
-8.471567091269464988e-09
-9.903629275742228574e-09
-2.441866944642368363e-09
-2.384028911650752330e-10
-1.192916020983741506e-10
-2.396065484817298306e-11
5.082044203286335938e-08
3.518563944021363272e-08
-8.007058121965295271e-09
-9.468110660120098700e-09
-2.322184967402223105e-09
-2.266991231703260726e-10
-1.134335077938969759e-10
-2.278247047142550037e-11
5.058207242767963298e-08
3.512563850460111465e-08
-7.560404386899293191e-09
-9.045494084804236806e-09
-2.207524770137506570e-09
-2.154989829377246413e-10
-1.078277469159693993e-10
-2.165519448833272824e-11
5.025916850699965135e-08
3.499850740754942572e-08
-7.132247455496286024e-09
-8.636575240459571066e-09
-2.097887629852428569e-09
-2.047987703133492580e-10
-1.024724134509778486e-10
-2.057842165438792175e-11
4.985787168830607751e-08
3.480868849184886878e-08
-6.722931987539259314e-09
-8.241882137576579282e-09
-1.993221486143703515e-09
-1.945903947739898795e-10
-9.736341323815440981e-11
-1.955130983105064092e-11
4.938415678336825435e-08
3.456057075512119981e-08
-6.332556891939189185e-09
-7.861718734060641568e-09
-1.893432820153318231e-09
-1.848623983173998736e-10
-9.249497554557333649e-11
-1.857267743032729569e-11
4.884378863827161466e-08
3.425844471116606734e-08
-5.961020179050290502e-09
-7.496203354982215595e-09
-1.798396542149919140e-09
-1.756007984319475653e-10
-8.786007270760729656e-11
-1.764109421265052377e-11
4.824228997818839464e-08
3.390646751460134698e-08
-5.608057971498232149e-09
-7.145302179629517713e-09
-1.707964173632646098e-09
-1.667897776771048403e-10
-8.345076400209215467e-11
-1.675494770165176669e-11
4.758491872056822097e-08
3.350863615971006953e-08
-5.273278115109672767e-09
-6.808858226828686076e-09
-1.621970545854301158e-09
-1.584122456413285052e-10
-7.925847673538306012e-11
-1.591250005643277070e-11
4.687665328323410825e-08
3.306876848502286650e-08
-4.956188891922898630e-09
-6.486616171987174223e-09
-1.540239252486075012e-09
-1.504502950467840466e-10
-7.527423270917716135e-11
-1.511193377974935358e-11
4.612218431132125562e-08
3.259049000029679904e-08
-4.656223386991590311e-09
-6.178243580071561237e-09
-1.462587044518512415e-09
-1.428855663170048431e-10
-7.148883044647091661e-11
-1.435138810124618073e-11
4.532591201166217140e-08
3.207722600495771946e-08
-4.372759890791496279e-09
-5.883348801458260676e-09
-1.388827342295971302e-09
-1.356995409439693126e-10
-6.789299120351441150e-11
-1.362898793698243221e-11
4.449194754965378649e-08
3.153219783115411755e-08
-4.105139002366269922e-09
-5.601496080675003010e-09
-1.318773010806819308e-09
-1.288737689730598530e-10
-6.447747277660400569e-11
-1.294286781412373788e-11
4.362411804160286226e-08
3.095842244787828653e-08
-3.852677738698652825e-09
-5.332218117348680911e-09
-1.252238526392962179e-09
-1.223900512534738732e-10
-6.123315968778226104e-11
-1.229118756934142390e-11
4.272597414947286006e-08
3.035871482349449943e-08
-3.614681048063015660e-09
-5.075026518347438520e-09
-1.189041640687012714e-09
-1.162305743927441568e-10
-5.815113113787732187e-11
-1.167214819565700560e-11
4.180079959961711517e-08
2.973569229409745941e-08
-3.390451205907772720e-09
-4.829420347735018767e-09
-1.129004633732681131e-09
-1.103780145793907776e-10
-5.522271218619607409e-11
-1.108400064671873405e-11
4.085162210835758916e-08
2.909178071841058664e-08
-3.179295303190929990e-09
-4.594893136457172170e-09
-1.071955231496345675e-09
-1.048156121994213096e-10
-5.243951127979301254e-11
-1.052505373556860396e-11
3.988122543512989801e-08
2.842922151797426624e-08
-2.980531162394769808e-09
-4.370938516013359846e-09
-1.017727252027340388e-09
-9.952722371946736068e-11
-4.979344573580194603e-11
-9.993679044696735208e-12
3.889216180058482041e-08
2.775007986773908690e-08
-2.793491935728688707e-09
-4.157054724427911226e-09
-9.661610327036259136e-10
-9.449735492773597807e-11
-4.727675847794677370e-11
-9.488314204672488410e-12
3.788676484751792450e-08
2.705625322753135228e-08
-2.617529573617123615e-09
-3.952748123714551656e-09
-9.171036826343772301e-10
-8.971117886844002071e-11
-4.488202709324331238e-11
-9.007464609898616643e-12
3.686716252991252751e-08
2.634948020119600798e-08
-2.452017385380380877e-09
-3.757535945745725514e-09
-8.704091964063417972e-10
-8.515454350564751139e-11
-4.260216708794671262e-11
-8.549705209746295941e-12
3.583528990712751196e-08
2.563134967100478537e-08
-2.296351803967215284e-09
-3.570948336283061443e-09
-8.259384587795369947e-10
-8.081396798513575147e-11
-4.043043041905930684e-11
-8.113674363220318605e-12
3.479290172739145339e-08
2.490330972446070597e-08
-2.149953574928375989e-09
-3.392529857139611784e-09
-7.835591650722771122e-10
-7.667663342010398072e-11
-3.836040047722699949e-11
-7.698084264992355253e-12
3.374158450694191168e-08
2.416667656716664062e-08
-2.012268363577941052e-09
-3.221840517014642668e-09
-7.431456767215933586e-10
-7.273036677775453706e-11
-3.638598426506767975e-11
-7.301707851692610619e-12
3.268276834542181042e-08
2.342264317520277574e-08
-1.882767011974455535e-09
-3.058456427642755515e-09
-7.045788288259485596e-10
-6.896362149063243825e-11
-3.450140249182919616e-11
-6.923382545895902787e-12
3.161773803035990562e-08
2.267228773089833604e-08
-1.760945430173071532e-09
-2.901970156772591419e-09
-6.677457013578439304e-10
-6.536545460602611028e-11
-3.270117819550688010e-11
-6.562006696770145202e-12
3.054764378604124668e-08
2.191658154960410319e-08
-1.646324228911215228e-09
-2.751990820743335579e-09
-6.325393679933699061e-10
-6.192550202814358055e-11
-3.098012409998977961e-11
-6.216537053360758087e-12
2.947351128295205025e-08
2.115639684778247032e-08
-1.538448157497652367e-09
-2.608143987602376299e-09
-5.988586246618191118e-10
-5.863395198137950740e-11
-2.933332971458100670e-11
-5.885986150002008825e-12
2.839625121717157035e-08
2.039251399493382973e-08
-1.436885384524515290e-09
-2.470071416899596834e-09
-5.666077133199958928e-10
-5.548151833220041528e-11
-2.775614750193021505e-11
-5.569419774813847388e-12
2.731666822340648740e-08
1.962562847703078146e-08
-1.341226645891169004e-09
-2.337430675864381066e-09
-5.356960368404284093e-10
-5.245941295948694516e-11
-2.624417943339705233e-11
-5.265953470382976078e-12
2.623546929046276508e-08
1.885635729366437882e-08
-1.251084334967165233e-09
-2.209894662555523407e-09
-5.060378771138767922e-10
-4.955931842761078680e-11
-2.479326301927332022e-11
-4.974750642467571318e-12
2.515327158608181355e-08
1.808524518076551782e-08
-1.166091548750028693e-09
-2.087151054940180800e-09
-4.775521135508581305e-10
-4.677336110923434261e-11
-2.339945795027902176e-11
-4.695019246826667278e-12
2.407060979349407457e-08
1.731277027831623992e-08
-1.085901004852545102e-09
-1.968901699554218532e-09
-4.501619482359652505e-10
-4.409408453016333050e-11
-2.205903277971842961e-11
-4.426009337485494512e-12
2.298794293149880655e-08
1.653934952605391022e-08
-1.010184054641390828e-09
-1.854862012022243808e-09
-4.237946375552126736e-10
-4.151442360241010864e-11
-2.076845198428881697e-11
-4.167009896429126298e-12
2.190566068215361844e-08
1.576534364603037719e-08
-9.386296400272086000e-10
-1.744760250973125421e-09
-3.983812321365037862e-10
-3.902767961131623602e-11
-1.952436340833179223e-11
-3.917348805684119181e-12
2.082408929086885784e-08
1.499106186383213644e-08
-8.709432737900188146e-10
-1.638336881191531244e-09
-3.738563261181305946e-10
-3.662749604504479486e-11
-1.832358619711636448e-11
-3.676385447363381637e-12
1.974349707818978319e-08
1.421676621124384863e-08
-8.068459744604652617e-10
-1.535343896771156310e-09
-3.501578141129913730e-10
-3.430783536361814735e-11
-1.716309917057958737e-11
-3.443513305561399025e-12
1.866409941130455084e-08
1.344267558597966332e-08
-7.460732948855107432e-10
-1.435544121232128471e-09
-3.272266620660868351e-10
-3.206295676691884152e-11
-1.604002961035178533e-11
-3.218155231030975221e-12
1.758606351565596292e-08
1.266896951883366776e-08
-6.883743416582925768e-10
-1.338710542298170732e-09
-3.050066830309383062e-10
-2.988739455810725832e-11
-1.495164259413890734e-11
-2.999761843253882865e-12
1.650951276935594656e-08
1.189579169378370384e-08
-6.335108253834692187e-10
-1.244625636379868956e-09
-2.834443253210963027e-10
-2.777593798286690619e-11
-1.389533073553579657e-11
-2.787809347990511358e-12
1.543453078424487771e-08
1.112325317212827935e-08
-5.812561434538454847e-10
-1.153080730280532161e-09
-2.624884702226007638e-10
-2.572361148227724839e-11
-1.286860439110526915e-11
-2.581797645645082313e-12
1.436116511740409850e-08
1.035143545823684304e-08
-5.313944748767204570e-10
-1.063875353817454054e-09
-2.420902372728634020e-10
-2.372565612304524366e-11
-1.186908230390248815e-11
-2.381248482402337221e-12
1.328943078570454464e-08
9.580393266364870973e-09
-4.837199436667082302e-10
-9.768166105052484720e-10
-2.222027991253663685e-10
-2.177751158604345598e-11
-1.089448265055859103e-11
-2.185703542683398353e-12
1.221931348283870297e-08
8.810157209428293586e-09
-4.380357635363459614e-10
-8.917185831274380436e-10
-2.027812048956350494e-10
-1.987479912009710219e-11
-9.942614494045637652e-12
-1.994722880264268951e-12
1.115077258822565510e-08
8.040736187204959474e-09
-3.941534589776188615e-10
-8.084017266166997455e-10
-1.837822100308475364e-10
-1.801330521339769511e-11
-9.011369554620949520e-12
-1.807882983648037259e-12
1.008374398670789804e-08
7.272119722517248229e-09
-3.518920752347143098e-10
-7.266923063818730738e-10
-1.651641138844630679e-10
-1.618896583534969781e-11
-8.098714384289210847e-12
-1.624775601426683350e-12
9.018142682111750321e-09
6.504280085347626858e-09
-3.110774433965618925e-10
-6.464218237220353079e-10
-1.468866040611594861e-10
-1.439785137498783915e-11
-7.202682809521755358e-12
-1.445005856944985953e-12
7.953865263750893848e-09
5.737174317197777777e-09
-2.715414428423851411e-10
-5.674264789409701833e-10
-1.289106060732496074e-10
-1.263615214902035124e-11
-6.321368693899103351e-12
-1.268191072703386632e-12
6.890792221983536827e-09
4.970746137524167977e-09
-2.331213236032983764e-10
-4.895466402555990721e-10
-1.111981390663973803e-10
-1.090016441457647213e-11
-5.452918867288882894e-12
-1.093958962417645973e-12
5.828790117342608050e-09
4.204927714293494421e-09
-1.956590087761941774e-10
-4.126263061341401329e-10
-9.371217535265258323e-11
-9.186276802896741755e-12
-4.595526449678873662e-12
-9.219493775477198885e-13
4.767713685926470458e-09
3.439641425921311661e-09
-1.590004417193373113e-10
-3.365126136844040035e-10
-7.641650584493796840e-11
-7.490957211218632029e-12
-3.747424182916921598e-12
-7.518003347494837864e-13
3.707407791154214326e-09
2.674801450551734798e-09
-1.229949345327202619e-10
-2.610553469256559633e-10
-5.927560674497166583e-11
-5.810740022116498015e-12
-2.906878110908490315e-12
-5.831705933669602117e-13
2.647709336795310098e-09
1.910315371403689030e-09
-8.749453601067813371e-11
-1.861064210331510074e-10
-4.225451176093415605e-11
-4.142213614346379453e-12
-2.072181279185033159e-12
-4.157151898862311516e-13
1.588449103187675892e-09
1.146085667233141715e-09
-5.235342618177418595e-11
-1.115194153761147317e-10
-2.531868517221000448e-11
-2.482008095125165305e-12
-1.241647639601607962e-12
-2.490956156417429982e-13
5.294535334382295434e-10
3.820112236312562631e-10
-1.742728951156713603e-11
-3.714908930696262154e-11
-8.433897507552242610e-12
-8.267832772542414601e-13
-4.136059873534655378e-13
-8.297634818500683210e-14
-5.294535334787466076e-10
-3.820112236255436504e-10
1.742728952555576831e-11
3.714908925637667552e-11
8.433897505563590557e-12
8.267832771510998531e-13
4.136059875531059118e-13
8.297634827573094802e-14
-1.588449105392479700e-09
-1.146085667221313446e-09
5.235342616149172379e-11
1.115194153108986877e-10
2.531868514340570470e-11
2.482008094845897740e-12
1.241647638775409829e-12
2.490956155728205870e-13
-2.647709337739669943e-09
-1.910315371316146024e-09
8.749453600730406399e-11
1.861064209998912899e-10
4.225451175327259596e-11
4.142213611839007609e-12
2.072181280548662209e-12
4.157151824387714444e-13
-3.707407790484697647e-09
-2.674801449633903875e-09
1.229949345642927119e-10
2.610553468842922798e-10
5.927560676107945730e-11
5.810740019872389325e-12
2.906878109561103974e-12
5.831705934321313811e-13
-4.767713685498615422e-09
-3.439641426023315438e-09
1.590004415462056174e-10
3.365126136810594538e-10
7.641650585632426463e-11
7.490957212339791339e-12
3.747424185014082945e-12
7.518003348878278254e-13
-5.828790118249916821e-09
-4.204927714445272137e-09
1.956590084027270940e-10
4.126263057958454411e-10
9.371217545749788097e-11
9.186276798915771882e-12
4.595526449082574991e-12
9.219471225893651516e-13
-6.890792221221948329e-09
-4.970746137741244985e-09
2.331213229892219269e-10
4.895466403432427871e-10
1.111981390536678461e-10
1.090016440776170750e-11
5.452918867980931760e-12
1.093959096602834859e-12
-7.953865264008299220e-09
-5.737174317013854995e-09
2.715414434597245079e-10
5.674264789857023531e-10
1.289106060353026709e-10
1.263615214372306559e-11
6.321368693304587481e-12
1.268191083348475919e-12
-9.018142682219083623e-09
-6.504280085589277748e-09
3.110774422711342274e-10
6.464218237201814928e-10
1.468866039828148838e-10
1.439785136692782680e-11
7.202682814769285767e-12
1.445005886447966583e-12
-1.008374398333188941e-08
-7.272119721846679376e-09
3.518920750420251194e-10
7.266923061315352366e-10
1.651641138988433961e-10
1.618896583951924385e-11
8.098714381264487612e-12
1.624775566762056116e-12
-1.115077258295106844e-08
-8.040736186994875451e-09
3.941534588490013752e-10
8.084017266006681581e-10
1.837822099760673969e-10
1.801330522369500160e-11
9.011369554478860247e-12
1.807882983592558401e-12
-1.221931348685241161e-08
-8.810157209068971291e-09
4.380357641151012818e-10
8.917185829300569296e-10
2.027812049304772668e-10
1.987479912557989439e-11
9.942614493291546201e-12
1.994722848284753592e-12
-1.328943078483459217e-08
-9.580393267225003152e-09
4.837199444679097881e-10
9.768166107006155046e-10
2.222027990778823498e-10
2.177751159330905506e-11
1.089448265738584576e-11
2.185703558469958994e-12
-1.436116511761169106e-08
-1.035143545536928744e-08
5.313944752733421869e-10
1.063875352505489768e-09
2.420902372435913930e-10
2.372565613638510785e-11
1.186908229842365736e-11
2.381248480460923321e-12
-1.543453078490205947e-08
-1.112325317285182746e-08
5.812561425358036313e-10
1.153080730004859953e-09
2.624884703084949918e-10
2.572361150875265024e-11
1.286860439490743068e-11
2.581797645430778718e-12
-1.650951277333320630e-08
-1.189579169051851094e-08
6.335108249856029954e-10
1.244625635666458144e-09
2.834443254725541586e-10
2.777593799032237876e-11
1.389533073667506985e-11
2.787809339767560991e-12
-1.758606351842994288e-08
-1.266896951739743572e-08
6.883743414136860672e-10
1.338710543014329851e-09
3.050066830094285083e-10
2.988739455381651092e-11
1.495164259286364687e-11
2.999761804836997159e-12
-1.866409941024168331e-08
-1.344267558809789420e-08
7.460732951074378215e-10
1.435544123231688089e-09
3.272266623557518888e-10
3.206295676655839757e-11
1.604002960873667641e-11
3.218155243532348074e-12
-1.974349707282638050e-08
-1.421676621056076619e-08
8.068459745822191134e-10
1.535343896556512454e-09
3.501578142446001512e-10
3.430783540426862024e-11
1.716309916769698249e-11
3.443512896359026193e-12
-2.082408929441512009e-08
-1.499106186451128150e-08
8.709432738933259182e-10
1.638336881694040364e-09
3.738563261387872073e-10
3.662749605591109822e-11
1.832358619745980276e-11
3.676385444029775106e-12
-2.190566067702931726e-08
-1.576534364558615804e-08
9.386296389164340775e-10
1.744760249783503422e-09
3.983812320910600860e-10
3.902767961042064499e-11
1.952436341384689941e-11
3.917348806861873316e-12
-2.298794293404582139e-08
-1.653934952741760018e-08
1.010184054713659117e-09
1.854862012205632025e-09
4.237946374784341828e-10
4.151442361165381967e-11
2.076845199509529513e-11
4.167010435476550909e-12
-2.407060979077395399e-08
-1.731277027944256544e-08
1.085901004965722435e-09
1.968901699434224403e-09
4.501619483357561128e-10
4.409408455466547361e-11
2.205903277972621997e-11
4.426009329523743792e-12
-2.515327158225383674e-08
-1.808524518107625649e-08
1.166091554363728177e-09
2.087151054937729450e-09
4.775521134743958294e-10
4.677336111849148886e-11
2.339945795548420117e-11
4.695019254283883062e-12
-2.623546928593140020e-08
-1.885635729384435678e-08
1.251084342646792345e-09
2.209894662544264238e-09
5.060378770015273636e-10
4.955931842342427062e-11
2.479326302724869196e-11
4.974750652959656224e-12
-2.731666822884837300e-08
-1.962562848262758475e-08
1.341226645998340179e-09
2.337430675862591460e-09
5.356960367673223935e-10
5.245941295585904085e-11
2.624417942544200145e-11
5.265953493621604030e-12
-2.839625122068412334e-08
-2.039251399515575567e-08
1.436885384553107201e-09
2.470071416891119474e-09
5.666077131489484872e-10
5.548151833318759718e-11
2.775614753430271027e-11
5.569419775298531606e-12
-2.947351126951770735e-08
-2.115639684204422246e-08
1.538448157472496150e-09
2.608143987602276624e-09
5.988586246368216103e-10
5.863395198382268874e-11
2.933332971350842486e-11
5.885986221930059598e-12
-3.054764378927030833e-08
-2.191658154012358104e-08
1.646324228749178197e-09
2.751990820736683806e-09
6.325393677300575342e-10
6.192550199528558848e-11
3.098012411848219707e-11
6.216537051893614330e-12
-3.161773802705212285e-08
-2.267228773462231970e-08
1.760945430189873018e-09
2.901970156770763349e-09
6.677457010610956774e-10
6.536545458762525783e-11
3.270117818533266843e-11
6.562006675566077826e-12
-3.268276834317420850e-08
-2.342264317128276351e-08
1.882767011801346486e-09
3.058456427653971257e-09
7.045788284232829311e-10
6.896362147664739903e-11
3.450140250382430378e-11
6.923381806472435614e-12
-3.374158450837204078e-08
-2.416667656743323763e-08
2.012268363667485835e-09
3.221840517013263344e-09
7.431456767257825114e-10
7.273036676800346058e-11
3.638598424017104258e-11
7.301707911798618696e-12
-3.479290172361382541e-08
-2.490330972357969244e-08
2.149953574699722588e-09
3.392529857126434384e-09
7.835591650717938319e-10
7.667663345307092799e-11
3.836040046615484449e-11
7.698084265019051215e-12
-3.583528990748225333e-08
-2.563134969044057177e-08
2.296351803809952946e-09
3.570948336294925695e-09
8.259384587852867271e-10
8.081396802534951177e-11
4.043043043016786425e-11
8.113674356644759417e-12
-3.686716252391998117e-08
-2.634948020089005042e-08
2.452017385507604564e-09
3.757535945884911887e-09
8.704091964001950181e-10
8.515454351116193679e-11
4.260216709026321253e-11
8.549704068395904838e-12
-3.788676484420124788e-08
-2.705625323028818645e-08
2.617529573822721010e-09
3.952748123710036904e-09
9.171036826343615136e-10
8.971117888153390207e-11
4.488202710704978399e-11
9.007464612991950632e-12
-3.889216180716560466e-08
-2.775007986982183173e-08
2.793491935728686226e-09
4.157054724427739173e-09
9.661610327061690804e-10
9.449735491093803363e-11
4.727675848680528352e-11
9.488314203621721847e-12
-3.988122543773940800e-08
-2.842922150584051928e-08
2.980531162435229280e-09
4.370938516016392290e-09
1.017727252027364583e-09
9.952722382512860746e-11
4.979344571773628914e-11
9.993679446286570114e-12
-4.085162211440252581e-08
-2.909178071310307157e-08
3.179295303165722488e-09
4.594893136457409571e-09
1.071955231496370077e-09
1.048156122129061243e-10
5.243951127866914551e-11
1.052505367815569401e-11
-4.180079959352663726e-08
-2.973569229249022432e-08
3.390451205839964589e-09
4.829420347728823184e-09
1.129004633731744556e-09
1.103780145968560242e-10
5.522271212463030064e-11
1.108400064515167269e-11
-4.272597413028539329e-08
-3.035871483497017459e-08
3.614681048135410094e-09
5.075026518354902171e-09
1.189041640687051798e-09
1.162305744379769259e-10
5.815113113324667433e-11
1.167214775332606175e-11
-4.362411803982407984e-08
-3.095842244326798546e-08
3.852677738698824052e-09
5.332218117359868529e-09
1.252238526392981618e-09
1.223900513526791951e-10
6.123315969118865543e-11
1.229118758852580057e-11
-4.449194755635163334e-08
-3.153219783542408343e-08
4.105139001368832378e-09
5.601496080674391724e-09
1.318773010811810102e-09
1.288737690857355268e-10
6.447747276394107251e-11
1.294286772034893109e-11
-4.532591202263239288e-08
-3.207722600065565235e-08
4.372759890814123804e-09
5.883348801460704167e-09
1.388827342297901735e-09
1.356995408082039002e-10
6.789299116904582122e-11
1.362898813729891292e-11
-4.612218431849766286e-08
-3.259049000547340120e-08
4.656223388270317239e-09
6.178243580107823181e-09
1.462587044517717494e-09
1.428855665512745418e-10
7.148883050918397664e-11
1.435138810088777403e-11
-4.687665329056057928e-08
-3.306876847925365230e-08
4.956188891926216452e-09
6.486616171989569739e-09
1.540239252485912677e-09
1.504502949551017773e-10
7.527423270917811778e-11
1.511193378941457130e-11
-4.758491871289323558e-08
-3.350863617002390666e-08
5.273278110323469258e-09
6.808858226828815116e-09
1.621970545855980335e-09
1.584122455755206782e-10
7.925847671625824369e-11
1.591250005987696982e-11
-4.824228997064007376e-08
-3.390646753002792791e-08
5.608057971485722696e-09
7.145302179633904252e-09
1.707964173629799563e-09
1.667897776770196148e-10
8.345076406001272410e-11
1.675494769177662604e-11
-4.884378862715416826e-08
-3.425844471574948835e-08
5.961020179051006013e-09
7.496203354980802770e-09
1.798396542147241143e-09
1.756007984608214161e-10
8.786007271193383890e-11
1.764109453430790245e-11
-4.938415679191230216e-08
-3.456057075488906646e-08
6.332556892174636220e-09
7.861718734086072408e-09
1.893432820156883380e-09
1.848623982288904366e-10
9.249497552478319869e-11
1.857267743399616159e-11
-4.985787169074283909e-08
-3.480868848333096650e-08
6.722931989578079199e-09
8.241882137594631672e-09
1.993221486144635333e-09
1.945903947737015295e-10
9.736341318221846638e-11
1.955130995227187881e-11
-5.025916850242910127e-08
-3.499850742853497139e-08
7.132247454429748293e-09
8.636575240424708712e-09
2.097887629852552647e-09
2.047987703133169721e-10
1.024724133295205670e-10
2.057842287305272305e-11
-5.058207243206231380e-08
-3.512563850383666080e-08
7.560404386920516991e-09
9.045494084798032952e-09
2.207524770137502434e-09
2.154989829377292425e-10
1.078277469167375399e-10
2.165519448856615796e-11
-5.082044202772974415e-08
-3.518563944729824276e-08
8.007058121957445327e-09
9.468110659938036247e-09
2.322184967403820805e-09
2.266991231682071202e-10
1.134335079012342716e-10
2.278247047239292364e-11
-5.096802526949733770e-08
-3.517407081432893600e-08
8.471567091275930232e-09
9.903629275662523104e-09
2.441866944642356782e-09
2.384028911650636008e-10
1.192916019310590098e-10
2.396065484846116827e-11
-5.101853035744772922e-08
-3.508656523319067716e-08
8.952935262199626153e-09
1.035093744589154304e-08
2.566501953950619961e-09
2.506083612195458887e-10
1.254011296980215559e-10
2.518958832030190144e-11
-5.096571289680064145e-08
-3.491891052394050891e-08
9.449748032721707605e-09
1.080855138467392678e-08
2.695937120232868393e-09
2.633064994257419723e-10
1.317576461906590992e-10
2.646839572738190589e-11
-5.080348122795556429e-08
-3.466714761198655124e-08
9.960102094821805332e-09
1.127455624384442798e-08
2.829916030602778073e-09
2.764793958547006573e-10
1.383522753089218642e-10
2.779530488333960434e-11
-5.052602081631068343e-08
-3.432768464281592411e-08
1.048152983503658463e-08
1.174654189716853971e-08
2.968056376819645010e-09
2.900981795910432700e-10
1.451706658525155171e-10
2.916744013090207184e-11
-5.012793910930835216e-08
-3.389742646738562604e-08
1.101091996995954087e-08
1.222153541874338096e-08
3.109824666968647587e-09
3.041205799949326700e-10
1.521917679818971583e-10
3.058056330406676703e-11
-4.960442987790296354e-08
-3.337391935583919851e-08
1.154443668678416439e-08
1.269593217899818027e-08
3.254508104423225880e-09
3.184881243839279000e-10
1.593864259408510253e-10
3.202879034730511613e-11
-4.895145677823185487e-08
-3.275550843613346708e-08
1.207744060323576450e-08
1.316542851362952778e-08
3.401184098663106660e-09
3.331229718321630041e-10
1.667157859284327253e-10
3.350426354588810586e-11
-4.816595196256166707e-08
-3.204150431422576859e-08
1.260441631489359564e-08
1.362495992065526241e-08
3.548688354241384273e-09
3.479244294560391634e-10
1.741295393415565454e-10
3.499679772755875476e-11
-4.724602599769461457e-08
-3.123235298818279326e-08
1.311891330559190178e-08
1.406865020025667194e-08
3.695582757104696694e-09
3.627652478890968724e-10
1.815640590574706106e-10
3.649348826085017700e-11
-4.619118043679046356e-08
-3.032980084628549036e-08
1.361350773885091040e-08
1.448977844125144409e-08
3.840125476634330073e-09
3.774878702516388161e-10
1.889404962064687507e-10
3.797833356798820910e-11
-4.500251292404909968e-08
-2.933704373051861921e-08
1.407979570159882638e-08
1.488077264568668211e-08
3.980245727998444587e-09
3.919009012780805267e-10
1.961630030147917271e-10
3.943187113969969088e-11
-4.368290091201387656e-08
-2.825884590380954786e-08
1.450842923827659612e-08
1.523323948590926288e-08
4.113527425092701270e-09
4.057761779782877212e-10
2.031172400900255058e-10
4.083087916487730993e-11
-4.223714683091161055e-08
-2.710161295625986957e-08
1.488920792719125508e-08
1.553804150881738292e-08
4.237205867577470983e-09
4.188469351125083002e-10
2.096694478603226722e-10
4.214819504050089175e-11
-4.067206557671446498e-08
-2.587340017070004641e-08
1.521123886308694083e-08
1.578543285644706082e-08
4.348182817889015557e-09
4.308076711714124923e-10
2.156663725766489982e-10
4.335271838554476329e-11
-3.899649366168613302e-08
-2.458383835853006273e-08
1.546317602770758003e-08
1.596526312974957440e-08
4.443065237216415576e-09
4.413163739743895269e-10
2.209363690809126938e-10
4.440965383298607468e-11
-3.722120069318204886e-08
-2.324396172395780637e-08
1.563354622339033557e-08
1.606725621833554005e-08
4.518232450488972903e-09
4.499997697568564692e-10
2.252920663748387770e-10
4.528107287214070550e-11
-3.535868757914140225e-08
-2.186592656410831739e-08
1.571116227737937103e-08
1.608136522440107449e-08
4.569935018246512122e-09
4.564621457467293724e-10
2.285348029982800832e-10
4.592684717882804639e-11
-3.342286431455572088e-08
-2.046262070613462208e-08
1.568561376394230204e-08
1.599819638380941367e-08
4.594426390125659563e-09
4.602980290457857611e-10
2.304610233758978837e-10
4.630597457056831510e-11
-3.142861017485551714e-08
-1.904717439736834913e-08
1.554781426482107067e-08
1.580948461669389288e-08
4.588123971413639855e-09
4.611086512581648798e-10
2.308705878633208924e-10
4.637828310011598617e-11
-2.939123460257167833e-08
-1.763239737399604181e-08
1.529056912976970849e-08
1.550859188474862987e-08
4.547792794795441347e-09
4.585215469724082839e-10
2.295766516175469465e-10
4.610645285537369699e-11
-2.732587162604653915e-08
-1.623018560327781569e-08
1.490911511254442228e-08
1.509098657601229325e-08
4.470738309572596532e-09
4.522121026811933351e-10
2.264165135134749003e-10
4.545820735622771168e-11
-2.524685430912576347e-08
-1.485094829633108854e-08
1.440157302854898250e-08
1.455465523368080061e-08
4.354993154800423823e-09
4.419251901099758546e-10
2.212624958213199534e-10
4.440850587407411611e-11
-2.316712550721428241e-08
-1.350311881328441644e-08
1.376925074533669528e-08
1.390039153971597642e-08
4.199475369989344995e-09
4.274947096269514506e-10
2.140317539159620438e-10
4.294148539913548680e-11
-2.109774166972168244e-08
-1.219280316760539089e-08
1.301673965643588761e-08
1.313191360111171617e-08
4.004099333500796653e-09
4.088585843310496566e-10
2.046937647084461456e-10
4.105190768661160599e-11
-1.904751826428876325e-08
-1.092361317757708560e-08
1.215176500451662759e-08
1.225577144660215691e-08
3.769820588016003224e-09
3.860669754885944524e-10
1.932744224009145924e-10
3.874593309990311329e-11
-1.702284820213936456e-08
-9.696705645149270993e-09
1.118477694932789071e-08
1.128103092466977022e-08
3.498603472266012324e-09
3.592822197251408987e-10
1.798559051252451431e-10
3.604099343799286824e-11
-1.502769879971544382e-08
-8.511019191026559835e-09
1.012830521547928502e-08
1.021874791768821624e-08
3.193309737526714757e-09
3.287699453845899289e-10
1.645721383939434613e-10
3.296480299962080430e-11
-1.306376906749760334e-08
-7.363670804943639052e-09
8.996136242862777510e-09
9.081279619716834422e-09
2.857517569005303736e-09
2.948820586405364122e-10
1.476001619659124711e-10
2.955355012006417844e-11
-1.113076538908232454e-08
-6.250451462741274430e-09
7.802404943895049932e-09
7.881508217863871355e-09
2.495292310140147273e-09
2.580337277091809968e-10
1.291485370838682721e-10
2.584950195800292879e-11
-9.226744435549584108e-09
-5.166344627816718724e-09
6.560712118614234779e-09
6.632071530857637633e-09
2.110938184317698244e-09
2.186773990289965246e-10
1.094442391457857330e-10
2.189833994647099844e-11
-7.348470121158447088e-09
-4.105997227524768675e-09
5.283382524248927435e-09
5.344700800643858164e-09
1.708765324469880049e-09
1.772776724620208080e-10
8.872001457597644586e-11
1.774660938988306180e-11
-5.491744859502088597e-09
-3.064085604962035386e-09
3.980961775094196040e-09
4.029754134696983870e-09
1.292904030858213239e-09
1.342903170143873894e-10
6.720388449990229048e-11
1.343962778211545941e-11
-3.651691190483908473e-09
-2.035544570476143020e-09
2.662017693083602065e-09
2.696007487151666287e-09
8.671913103373972780e-10
9.014854843889229635e-11
4.511230580317275429e-11
9.020145628671519494e-12
-1.822978151826803438e-09
-1.015653932984755545e-09
1.333266934600824539e-09
1.350726555068234135e-09
4.351417039637023946e-10
4.525798061235915567e-11
2.264764993108844704e-11
4.527892738596583776e-12
-1.271354700670363434e-23
-7.082073616578829728e-24
9.308238835716846488e-24
9.431179521890997791e-24
3.039858901801298128e-24
-1.761462089615659983e-23
7.415603289367337363e-24
1.309740638318852879e-20
