-7.725905562743766113e-17
3.004418044119605904e-02
5.888218909130946838e-02
8.539926853725991751e-02
1.086523458835175343e-01
1.279299778179583680e-01
1.427862600334879051e-01
1.530471375180144644e-01
1.587915334839842540e-01
1.603127527453561407e-01
1.580673075129905014e-01
1.526186018537693534e-01
1.445820419413962332e-01
1.345765124357810871e-01
1.231852597041364211e-01
1.109274219842265735e-01
9.823999994281439052e-02
8.546906723014714713e-02
7.286849488099669814e-02
6.060432674548046211e-02
4.876305247973244245e-02
3.736232590471205012e-02
2.636301129976805629e-02
1.568180555934089657e-02
5.203977560615139636e-03
-5.203977561794499197e-03
-1.568180551524717831e-02
-2.636301125486468014e-02
-3.736232591551729570e-02
-4.876305251636209315e-02
-6.060432652333769266e-02
-7.286849485877613941e-02
-8.546906722708305648e-02
-9.824000013532785403e-02
-1.109274221597427446e-01
-1.231852596889169010e-01
-1.345765127690818352e-01
-1.445820417095451393e-01
-1.526186015683991815e-01
-1.580673073823421759e-01
-1.603127531684301610e-01
-1.587915333236116777e-01
-1.530471374457959555e-01
-1.427862599405813337e-01
-1.279299779349918342e-01
-1.086523457572827617e-01
-8.539926854121139554e-02
-5.888218903647302743e-02
-3.004418045181244182e-02
-1.350365351965993024e-16
-8.880776475319624065e-17
3.327577915536568398e-02
6.522118410381905207e-02
9.460626447481709778e-02
1.203897193010242533e-01
1.417848733761948310e-01
1.582971254595476052e-01
1.697311319231500915e-01
1.761703281552791100e-01
1.779347403226342328e-01
1.755248854471802011e-01
1.695599205569705559e-01
1.607172508931109522e-01
1.496790345779684672e-01
1.370889778223833844e-01
1.235207973827541356e-01
1.094581708031428374e-01
9.528486178316493416e-02
8.128316120824347069e-02
6.763858013264269220e-02
5.444887955433940635e-02
4.173583143564749826e-02
2.945847501572257734e-02
1.752703299378143009e-02
5.816978661998621278e-03
-5.816978688206142674e-03
-1.752703298556096412e-02
-2.945847495334951577e-02
-4.173583134973767039e-02
-5.444887947802398709e-02
-6.763857997628888730e-02
-8.128316128102110183e-02
-9.528486179298360781e-02
-1.094581707274966259e-01
-1.235207975483816473e-01
-1.370889778609346576e-01
-1.496790349105606988e-01
-1.607172509343905153e-01
-1.695599208585223117e-01
-1.755248849293236102e-01
-1.779347406892441419e-01
-1.761703282226493583e-01
-1.697311315851288416e-01
-1.582971256877816202e-01
-1.417848734683818113e-01
-1.203897192137384498e-01
-9.460626459143503530e-02
-6.522118416868037671e-02
-3.327577911518724701e-02
-1.527980629529960943e-16
-1.020910355807318222e-16
3.687849719293058437e-02
7.228843286006547686e-02
1.048716726696851537e-01
1.334775712968179762e-01
1.572356501960752162e-01
1.755969887118022099e-01
1.883423868137844293e-01
1.955601221562507652e-01
1.975997722005445878e-01
1.950106633504748443e-01
1.884738665866725338e-01
1.787356885923160332e-01
1.665486521118959840e-01
1.526237333941656005e-01
1.375954102461295347e-01
1.219993492634250387e-01
1.062613325731277120e-01
9.069536378461919013e-02
7.550871842800421785e-02
6.081181330156756187e-02
4.663112309217654766e-02
3.292378481226311548e-02
1.959295101093447636e-02
6.503333100552334718e-03
-6.503333057302861271e-03
-1.959295103983165268e-02
-3.292378479107251066e-02
-4.663112308292591268e-02
-6.081181335307198066e-02
-7.550871834266033311e-02
-9.069536397384569959e-02
-1.062613326106865153e-01
-1.219993494264365180e-01
-1.375954095210161210e-01
-1.526237335458158206e-01
-1.665486518443883013e-01
-1.787356882522065094e-01
-1.884738667477721674e-01
-1.950106630934946017e-01
-1.975997718076476228e-01
-1.955601215781604396e-01
-1.883423864350942945e-01
-1.755969886381069656e-01
-1.572356502151945612e-01
-1.334775710171465235e-01
-1.048716724432925546e-01
-7.228843287505561099e-02
-3.687849706299200364e-02
-1.730075457853127797e-16
-1.173737815019263112e-16
4.089894102910736351e-02
8.017523074434459995e-02
1.163277883356658438e-01
1.480840155150279502e-01
1.744799428004233377e-01
1.949060182158217636e-01
2.091163718243394254e-01
2.172046061180216980e-01
2.195531874853357546e-01
2.167658162208005168e-01
2.095925594963419791e-01
1.988565289502163269e-01
1.853886951573127106e-01
1.699750383880442584e-01
1.533177872028128885e-01
1.360105847267494006e-01
1.185260703722925829e-01
1.012136264427788701e-01
8.430481907230640004e-02
6.792421098376436039e-02
5.210357002698466633e-02
3.679797258757044887e-02
2.190276308083782472e-02
7.270738481320040796e-03
-7.270738495989898138e-03
-2.190276318446253076e-02
-3.679797277151753560e-02
-5.210357025038223761e-02
-6.792421110240234872e-02
-8.430481930491935672e-02
-1.012136264110267136e-01
-1.185260707327903673e-01
-1.360105850627248980e-01
-1.533177871646644597e-01
-1.699750378523675332e-01
-1.853886954521888064e-01
-1.988565288248913265e-01
-2.095925596004449276e-01
-2.167658150722155674e-01
-2.195531872112751748e-01
-2.172046061458675348e-01
-2.091163719978054170e-01
-1.949060183337824326e-01
-1.744799425483191113e-01
-1.480840151249706582e-01
-1.163277885129971323e-01
-8.017523079851124335e-02
-4.089894112081236127e-02
-1.960195414335345657e-16
-1.349685980757907168e-16
4.539134640819016131e-02
8.898771881403275130e-02
1.291281868520857690e-01
1.644037947818117185e-01
1.937460681714217037e-01
2.164777243744023805e-01
2.323231585786428299e-01
2.413820413673519183e-01
2.440737364415924704e-01
2.410628514387708754e-01
2.331767086974260716e-01
2.213243642380825216e-01
2.064245378639213702e-01
1.893470646604024088e-01
1.708698791619857049e-01
1.516513710876201126e-01
1.322164697604324701e-01
1.129540001958359019e-01
9.412258187101704698e-02
7.586249986527711375e-02
5.821136428628981979e-02
4.112189924028185339e-02
2.448069382098304325e-02
8.127220177843180390e-03
-8.127220201312712264e-03
-2.448069379991256109e-02
-4.112189905221306369e-02
-5.821136428993359258e-02
-7.586249974631549542e-02
-9.412258190280339831e-02
-1.129540000485419887e-01
-1.322164697210979900e-01
-1.516513709452537995e-01
-1.708698794104853980e-01
-1.893470641004097732e-01
-2.064245374041555614e-01
-2.213243638707264038e-01
-2.331767089501923795e-01
-2.410628509123277641e-01
-2.440737366704625877e-01
-2.413820414592150188e-01
-2.323231590541074976e-01
-2.164777245485353108e-01
-1.937460686267134524e-01
-1.644037950278594840e-01
-1.291281870182213465e-01
-8.898771898346667653e-02
-4.539134634831958753e-02
-2.222509939312759771e-16
-1.552496914254932902e-16
5.041981931418872132e-02
9.885122013855174306e-02
1.434538670722349807e-01
1.826658412705221557e-01
2.153015481960992572e-01
2.406079503197346703e-01
2.582764236929364632e-01
2.684138396255386638e-01
2.714813808052626842e-01
2.682123939493011866e-01
2.595212118488997022e-01
2.464135596296893604e-01
2.299067301611996961e-01
2.109646475150486200e-01
1.904500796330933499e-01
1.690938591170021710e-01
1.474793196836196307e-01
1.260392391671501244e-01
1.050622787930683977e-01
8.470606500151052487e-02
6.501449822430946379e-02
4.593743775424747461e-02
2.735146477110556376e-02
9.080950468528648997e-03
-9.080950466313025479e-03
-2.735146477755047781e-02
-4.593743796796463663e-02
-6.501449819387362938e-02
-8.470606497844469784e-02
-1.050622785935771963e-01
-1.260392392802209272e-01
-1.474793195905525767e-01
-1.690938591210038588e-01
-1.904500794310270972e-01
-2.109646473041683068e-01
-2.299067303545133945e-01
-2.464135595338859674e-01
-2.595212120849602622e-01
-2.682123936002074882e-01
-2.714813804078574089e-01
-2.684138394952718665e-01
-2.582764236154614923e-01
-2.406079507316820076e-01
-2.153015481821303201e-01
-1.826658410367073271e-01
-1.434538671219663108e-01
-9.885122011125448138e-02
-5.041981932252653786e-02
-2.521994949227571345e-16
-1.786733108118715813e-16
5.606161430690899394e-02
1.099165717868436226e-01
1.595222197731649139e-01
2.031443020141673328e-01
2.394655097434077173e-01
2.676479427886216955e-01
2.873464719862891537e-01
2.986769292064246351e-01
3.021485067793996393e-01
2.985728568348324785e-01
2.889630672536230849e-01
2.744343146174498260e-01
2.561152531145192146e-01
2.350758759186199753e-01
2.122743658526045352e-01
1.885228233348734406e-01
1.644698948117358506e-01
1.405973053588809585e-01
1.172269548728694100e-01
9.453540917397169896e-02
7.257310012077158867e-02
5.128615862249819718e-02
3.053945371053123914e-02
1.013995994636455490e-02
-1.013995995358144345e-02
-3.053945371326300881e-02
-5.128615869508938718e-02
-7.257310019205681639e-02
-9.453540913287152014e-02
-1.172269547105904142e-01
-1.405973053267521311e-01
-1.644698951678251198e-01
-1.885228232892727507e-01
-2.122743663175678253e-01
-2.350758758026524897e-01
-2.561152528393729755e-01
-2.744343149964436068e-01
-2.889630672678507040e-01
-2.985728567239397946e-01
-3.021485069083348907e-01
-2.986769290497638396e-01
-2.873464719244411825e-01
-2.676479427045056481e-01
-2.394655099175666824e-01
-2.031443024458579605e-01
-1.595222197591135427e-01
-1.099165717490452748e-01
-5.606161431148469487e-02
-2.864700473742399819e-16
-2.058082570560973473e-16
6.241197517766920722e-02
1.223694736609679257e-01
1.776002530186800432e-01
2.261747784470368450e-01
2.666269229374674810e-01
2.980235061162291310e-01
3.199792882011286421e-01
3.326217655343465807e-01
3.365161388006308041e-01
3.325643154797723877e-01
3.218925854355126348e-01
3.057411029632131627e-01
2.853652579896597818e-01
2.619553564225332032e-01
2.365774323031474557e-01
2.101350763221115914e-01
1.833501006634852548e-01
1.567586985408873090e-01
1.307193721932570218e-01
1.054290952709421442e-01
8.094470027876259077e-02
5.720718468972866427e-02
3.406733091275818831e-02
1.131167003514766539e-02
-1.131167004402013933e-02
-3.406733088716905333e-02
-5.720718473381073560e-02
-8.094470025641314903e-02
-1.054290953820481297e-01
-1.307193722595064445e-01
-1.567586983053882166e-01
-1.833501006345375217e-01
-2.101350762056517218e-01
-2.365774322628873827e-01
-2.619553566053752780e-01
-2.853652577724983264e-01
-3.057411029870261698e-01
-3.218925856434631250e-01
-3.325643155524878880e-01
-3.365161388016295607e-01
-3.326217655249867899e-01
-3.199792881183874949e-01
-2.980235061591940404e-01
-2.666269229496209259e-01
-2.261747784033402708e-01
-1.776002531850459365e-01
-1.223694736435525093e-01
-6.241197514778765165e-02
-3.258149288673466224e-16
-2.373821340738992216e-16
6.959135896230950191e-02
1.364444312175755736e-01
1.980242908493534681e-01
2.521784613502692785e-01
2.972716363618272961e-01
3.322633128923946910e-01
3.567245480311665440e-01
3.707986629882064067e-01
3.751174600598480846e-01
3.706884167948236164e-01
3.587692133799371130e-01
3.407442676515847757e-01
3.180145713797038476e-01
2.919080062635157624e-01
2.636133083709056302e-01
2.341375555808156150e-01
2.042847258763150209e-01
1.746515761273253753e-01
1.456366611585493409e-01
1.174585152721238229e-01
9.017962681220985377e-02
6.373361182243658662e-02
3.795379463517496721e-02
1.260211848448229699e-02
-1.260211849301753548e-02
-3.795379459684974227e-02
-6.373361192823928656e-02
-9.017962679536374593e-02
-1.174585152971449192e-01
-1.456366611651981058e-01
-1.746515760703773734e-01
-2.042847260811660737e-01
-2.341375556077540943e-01
-2.636133083354895712e-01
-2.919080061960361849e-01
-3.180145714164774873e-01
-3.407442675323364423e-01
-3.587692134117760889e-01
-3.706884170341034901e-01
-3.751174599099344475e-01
-3.707986628836561493e-01
-3.567245480113277467e-01
-3.322633129106892236e-01
-2.972716363138427353e-01
-2.521784615398257601e-01
-1.980242907522477003e-01
-1.364444312223515587e-01
-6.959135897723703335e-02
-3.711939090056087409e-16
-2.743524414959645280e-16
7.775631123045036175e-02
1.524457198449319928e-01
2.212295432184980815e-01
2.816982758288988364e-01
3.320227113212517733e-01
3.710409374301051888e-01
3.982769481036653736e-01
4.138962983359104064e-01
4.186117988238631238e-01
4.135566525681441674e-01
4.001434235438839915e-01
3.799253587374966101e-01
3.544727564360023453e-01
3.252724545255994970e-01
2.936539856355061540e-01
2.607422218677406534e-01
2.274337198791887282e-01
1.943925112481458273e-01
1.620605896727519146e-01
1.306786049866845434e-01
1.003129471137222811e-01
7.088630160063831565e-02
4.220966515872671271e-02
1.401462721560421502e-02
-1.401462722596887034e-02
-4.220966517403401674e-02
-7.088630161181963540e-02
-1.003129470866209044e-01
-1.306786050057948401e-01
-1.620605897957416719e-01
-1.943925112356227891e-01
-2.274337197886514839e-01
-2.607422214328111720e-01
-2.936539856088768441e-01
-3.252724546082453316e-01
-3.544727566878286829e-01
-3.799253590470846875e-01
-4.001434235763628999e-01
-4.135566523960782503e-01
-4.186117989448691623e-01
-4.138962983199220291e-01
-3.982769481717095550e-01
-3.710409374585681985e-01
-3.320227113834856025e-01
-2.816982758823480260e-01
-2.212295432560402730e-01
-1.524457198367272504e-01
-7.775631122685160157e-02
-4.238663663532418617e-16
-3.180175018999445162e-16
8.711599430926146581e-02
1.707792038605083773e-01
2.477948715997521090e-01
3.154533925402093764e-01
3.717009506832396060e-01
4.152374895468977645e-01
4.455372146977640835e-01
4.627978269788192711e-01
4.678332652279943993e-01
4.619297304643306679e-01
4.466858842910203520e-01
4.238559513080783492e-01
3.952101172601427126e-01
3.624213315245891631e-01
3.269824696638017891e-01
2.901535860024662128e-01
2.529360118670009316e-01
2.160683898305550132e-01
1.800392124708690977e-01
1.451107225314300919e-01
1.113498257977332401e-01
7.866270830669232217e-02
4.683089471688399452e-02
1.554742437440769995e-02
-1.554742438408357637e-02
-4.683089473227388527e-02
-7.866270829947742682e-02
-1.113498257954303877e-01
-1.451107224377750637e-01
-1.800392122635381953e-01
-2.160683896616853727e-01
-2.529360119828726883e-01
-2.901535859564136066e-01
-3.269824695071550380e-01
-3.624213315112796985e-01
-3.952101173175069926e-01
-4.238559509952773974e-01
-4.466858845389398702e-01
-4.619297304989482544e-01
-4.678332649057158621e-01
-4.627978271140777422e-01
-4.455372148037689550e-01
-4.152374893290743385e-01
-3.717009508286736597e-01
-3.154533926091568352e-01
-2.477948715533522528e-01
-1.707792038257804623e-01
-8.711599431810794492e-02
-4.855341921170845081e-16
-3.701923891161334895e-16
9.795760466823259793e-02
1.920011711254278608e-01
2.785112621434063795e-01
3.544221868687545407e-01
4.174163565146937205e-01
4.660353362266412280e-01
4.997021650776279356e-01
5.186621571572368472e-01
5.238592407619648839e-01
5.167706222902219704e-01
4.992237664323173063e-01
4.732172078787599823e-01
4.407616237263085601e-01
4.037515205680839991e-01
3.638719376444911613e-01
3.225397059643473896e-01
2.808753866226297857e-01
2.397001432483617245e-01
1.995512175938927157e-01
1.607100459543596149e-01
1.232380162711697175e-01
8.701607371334194041e-02
5.178562035010097347e-02
1.718925143345261322e-02
-1.718925142874786968e-02
-5.178562032282462563e-02
-8.701607377425595036e-02
-1.232380163523850158e-01
-1.607100460520718976e-01
-1.995512176669259341e-01
-2.397001433096370149e-01
-2.808753865742708022e-01
-3.225397060084969070e-01
-3.638719375453861038e-01
-4.037515204012158132e-01
-4.407616236234043749e-01
-4.732172077751078954e-01
-4.992237666023144338e-01
-5.167706216678581432e-01
-5.238592405858943923e-01
-5.186621566985484266e-01
-4.997021655735577328e-01
-4.660353358568726234e-01
-4.174163565518838603e-01
-3.544221867208284804e-01
-2.785112620732254629e-01
-1.920011711517650987e-01
-9.795760471253842083e-02
-5.585669184413695947e-16
-4.334934348220839522e-16
1.106860390126806343e-01
2.168943466399548270e-01
3.144879233326177137e-01
3.999699069062106482e-01
4.707075138229973588e-01
5.250589981069930801e-01
5.623975172229979114e-01
5.830404480113045018e-01
5.881043159776698781e-01
5.793119282336637310e-01
5.587798563355919068e-01
5.288111928893209912e-01
4.917126959441289746e-01
4.496480924888892061e-01
4.045324570684766252e-01
3.579668317704407521e-01
3.112083498554039651e-01
2.651689436277289147e-01
2.204351410215844020e-01
1.773019183091016915e-01
1.358147644150722866e-01
9.581557685484895504e-02
5.698948564663312150e-02
1.891100892576262280e-02
-1.891100891909060222e-02
-5.698948551574019999e-02
-9.581557688110650672e-02
-1.358147645963102279e-01
-1.773019185562645927e-01
-2.204351409576644216e-01
-2.651689434509126309e-01
-3.112083497201817983e-01
-3.579668317958907831e-01
-4.045324567926135706e-01
-4.496480921086986604e-01
-4.917126957436056545e-01
-5.288111930253751591e-01
-5.587798561053282098e-01
-5.793119284383023704e-01
-5.881043152940528262e-01
-5.830404482552502543e-01
-5.623975162247982773e-01
-5.250589982349580520e-01
-4.707075138202262976e-01
-3.999699070105055543e-01
-3.144879233071394276e-01
-2.168943467892160415e-01
-1.106860390389481780e-01
-6.463630728908641646e-16
-5.118084493094235817e-16
1.258868756145107570e-01
2.465881779137671370e-01
3.573191851823820930e-01
4.540477133771452789e-01
5.337560690549046916e-01
5.945878955078668371e-01
6.358728887651284856e-01
6.580399337780649116e-01
6.624429490992712610e-01
6.511313893827165300e-01
6.265988930411668933e-01
5.915397099294577021e-01
5.486352879382013770e-01
5.003847061255285444e-01
4.489842870207688685e-01
3.962549743538292257e-01
3.436114190788996936e-01
2.920642520322074831e-01
2.422464009303079147e-01
1.944550147005172092e-01
1.487020223000322938e-01
1.047682062196874375e-01
6.225745461348108911e-02
2.064947720114470101e-02
-2.064947718971315432e-02
-6.225745462773887851e-02
-1.047682062212891702e-01
-1.487020222756820220e-01
-1.944550146772553723e-01
-2.422464009055371736e-01
-2.920642515677643325e-01
-3.436114189845250189e-01
-3.962549741818927607e-01
-4.489842870878662517e-01
-5.003847061471745628e-01
-5.486352875761573156e-01
-5.915397098456284253e-01
-6.265988930384726041e-01
-6.511313894282516612e-01
-6.624429490138473708e-01
-6.580399339865330433e-01
-6.358728888275875235e-01
-5.945878956580681329e-01
-5.337560681537213414e-01
-4.540477131129550536e-01
-3.573191851522738438e-01
-2.465881776092039013e-01
-1.258868756124535138e-01
-7.539425506626214810e-16
-6.110911513750001635e-16
1.444281327341540300e-01
2.827523318289497101e-01
4.093508978546884780e-01
5.195065166577560456e-01
6.097188839721991993e-01
6.778771175425446494e-01
7.232838658390291497e-01
7.465446633475303351e-01
7.493527257169622091e-01
7.342086663210846131e-01
7.041161264948234688e-01
6.622893372470880502e-01
6.118994503850051503e-01
5.558756577045366187e-01
4.967668494527528456e-01
4.366613115168548331e-01
3.771564224771891127e-01
3.193674692747226485e-01
2.639641136445170511e-01
2.112240803190077454e-01
1.610955892227814157e-01
1.132624136027420847e-01
6.720772559547889824e-02
2.227490873236936259e-02
-2.227490872241762870e-02
-6.720772560511061033e-02
-1.132624136224731765e-01
-1.610955892705566439e-01
-2.112240803093178576e-01
-2.639641137020563577e-01
-3.193674691619838302e-01
-3.771564225517552993e-01
-4.366613115884014906e-01
-4.967668495247768989e-01
-5.558756577278961553e-01
-6.118994503394136197e-01
-6.622893374078772100e-01
-7.041161266042313960e-01
-7.342086663903691912e-01
-7.493527256927227098e-01
-7.465446632626276946e-01
-7.232838658607533278e-01
-6.778771174418165568e-01
-6.097188840295422185e-01
-5.195065166020491620e-01
-4.093508978154555833e-01
-2.827523318383524664e-01
-1.444281327311980334e-01
-8.889386833616388903e-16
-7.407236194117261820e-16
1.676260766509760636e-01
3.279101119344742798e-01
4.741073325069455890e-01
6.005915161099675270e-01
7.032379765952813111e-01
7.796299986162229523e-01
8.290793689335539396e-01
8.524791737294070693e-01
8.520280059599291134e-01
8.308761293741820930e-01
7.927455732663765131e-01
7.415692762595020859e-01
6.811823239340074609e-01
6.150843264525318599e-01
5.462788873270595369e-01
4.771857578617944573e-01
4.096144858542478673e-01
3.447850700455588613e-01
2.833807063270257776e-01
2.256193044776230450e-01
1.713331728525293585e-01
1.200493971880502303e-01
7.106646298019221597e-02
2.352527076360020133e-02
-2.352527076206858622e-02
-7.106646296283625208e-02
-1.200493972100002554e-01
-1.713331728572896895e-01
-2.256193045411885867e-01
-2.833807063717206365e-01
-3.447850700641929000e-01
-4.096144857946133477e-01
-4.771857577558424879e-01
-5.462788874602504396e-01
-6.150843264117595854e-01
-6.811823237519660790e-01
-7.415692761626526686e-01
-7.927455733490239576e-01
-8.308761294019267885e-01
-8.520280059042156795e-01
-8.524791737525364566e-01
-8.290793688573520059e-01
-7.796299986141406180e-01
-7.032379765851657361e-01
-6.005915160734525138e-01
-4.741073325343605482e-01
-3.279101119648242801e-01
-1.676260766327497542e-01
-1.063283344810843563e-15
-9.158276635548000770e-16
1.975083315784102733e-01
3.859311721157265840e-01
5.569508614188911633e-01
7.036850641274146057e-01
8.211720195166503089e-01
9.066239925223652518e-01
9.594380837536380380e-01
9.809901790564166113e-01
9.742652432320639821e-01
9.433918221141878169e-01
8.931494045906284152e-01
8.285074392224527351e-01
7.542380453395416406e-01
6.746254495382311145e-01
5.932777774169222251e-01
5.130333308096495237e-01
4.359449508614564039e-01
3.633222044583995225e-01
2.958111508937756873e-01
2.334939930476941095e-01
1.759948783003464079e-01
1.225825020788093439e-01
7.226430530216391979e-02
2.387057017644909213e-02
-2.387057017648261392e-02
-7.226430529848290596e-02
-1.225825020790516917e-01
-1.759948782905175757e-01
-2.334939930208598802e-01
-2.958111509249671811e-01
-3.633222044767073222e-01
-4.359449509265010958e-01
-5.130333307602970017e-01
-5.932777774100643775e-01
-6.746254495157133491e-01
-7.542380453884316438e-01
-8.285074392498803508e-01
-8.931494045604975174e-01
-9.433918222162362976e-01
-9.742652431999655471e-01
-9.809901790778764452e-01
-9.594380837844778132e-01
-9.066239925485460871e-01
-8.211720194707659015e-01
-7.036850641319674082e-01
-5.569508614105002087e-01
-3.859311720953846336e-01
-1.975083315776373638e-01
-1.296031844978105503e-15
-1.160818488794578207e-15
2.371688696481119851e-01
4.626816582069929185e-01
6.659158846310434532e-01
8.381766666611806249e-01
9.733378172206313961e-01
1.068162767377098810e+00
1.122292844907669451e+00
1.137941767793036796e+00
1.119373157932763707e+00
1.072256942190277895e+00
1.003000327349768739e+00
9.181335486065126394e-01
8.238059378015981649e-01
7.254207390405765787e-01
6.274126490105838005e-01
5.331537988661825267e-01
4.449626498778289085e-01
3.641860352764353381e-01
2.913254113834136128e-01
2.261827244018769223e-01
1.680074013002559319e-01
1.156324461349381438e-01
6.759352743092905680e-02
2.222994147748457230e-02
-2.222994144703318090e-02
-6.759352748489855234e-02
-1.156324462877969944e-01
-1.680074014276202732e-01
-2.261827242343754651e-01
-2.913254117986113223e-01
-3.641860348193866059e-01
-4.449626493900507018e-01
-5.331537994435827654e-01
-6.274126498944201380e-01
-7.254207394179387203e-01
-8.238059383339337849e-01
-9.181335481530337184e-01
-1.003000327427710836e+00
-1.072256942493064136e+00
-1.119373157698420274e+00
-1.137941768177474167e+00
-1.122292845478353396e+00
-1.068162767136336733e+00
-9.733378169047394168e-01
-8.381766666910674957e-01
-6.659158843940057304e-01
-4.626816584339369931e-01
-2.371688697698160209e-01
-1.617614262269287661e-15
-1.512542530856495136e-15
2.908712115572428814e-01
5.661415574745849444e-01
8.116763216501643452e-01
1.016067219155390333e+00
1.171520980618050878e+00
1.274279979637147342e+00
1.324560885359967966e+00
1.326074226043852278e+00
1.285242138182578708e+00
1.210258682466450075e+00
1.110133061700069979e+00
9.938316512488180043e-01
8.695949393379055481e-01
7.444650969428857623e-01
6.240235204742612396e-01
5.123115266139887103e-01
4.118925486102703037e-01
3.240093515944664770e-01
2.487928002438998809e-01
1.854863336622821213e-01
1.326601970234866645e-01
8.839951551688897402e-02
5.045920571099008628e-02
1.638608621622550041e-02
-1.638608611223278666e-02
-5.045920565590993057e-02
-8.839951561493711307e-02
-1.326601973472606721e-01
-1.854863335272797509e-01
-2.487927999207311669e-01
-3.240093526082410413e-01
-4.118925486715727113e-01
-5.123115269066085276e-01
-6.240235190897159834e-01
-7.444650967854321566e-01
-8.695949398905282735e-01
-9.938316504509204785e-01
-1.110133060471989674e+00
-1.210258684593207956e+00
-1.285242137882844915e+00
-1.326074226146454205e+00
-1.324560885334582716e+00
-1.274279979582687572e+00
-1.171520981768884972e+00
-1.016067218430026342e+00
-8.116763216993982955e-01
-5.661415576551260820e-01
-2.908712117217840953e-01
-2.073199683495367633e-15
-2.009298406424803907e-15
3.617013423094006530e-01
7.016882356590595782e-01
1.000427496740555977e+00
1.242428990989358217e+00
1.417532363288173114e+00
1.521474293949475198e+00
1.555722495589318299e+00
1.526682209461803996e+00
1.444465500534045432e+00
1.321450757871829973e+00
1.170850440881199273e+00
1.005460443702040685e+00
8.367010378786154945e-01
6.739931007331584345e-01
5.244581040920370807e-01
3.928907206444816058e-01
2.819328363130161885e-01
1.923733169987416336e-01
1.235050588546286604e-01
7.348494473119214498e-02
3.965901965136119089e-02
1.883136222188757161e-02
7.469305621593558611e-03
1.848728759055369344e-03
-1.848728758303191293e-03
-7.469305571524521153e-03
-1.883136213141780105e-02
-3.965901940708414092e-02
-7.348494464962070094e-02
-1.235050586882907725e-01
-1.923733170481488342e-01
-2.819328362499546881e-01
-3.928907193858917624e-01
-5.244581046556501258e-01
-6.739930999739135453e-01
-8.367010371275360736e-01
-1.005460442452291270e+00
-1.170850441916351237e+00
-1.321450754625008051e+00
-1.444465500686977544e+00
-1.526682209759558262e+00
-1.555722494823825963e+00
-1.521474294546952821e+00
-1.417532365129352323e+00
-1.242428991098282198e+00
-1.000427496870220034e+00
-7.016882355298654783e-01
-3.617013423377919423e-01
-2.707241915346348827e-15
-2.599220777916165462e-15
4.367912638495621835e-01
8.432154435496049816e-01
1.192188475325353547e+00
1.462690366918382390e+00
1.641645706621686740e+00
1.724684353655504543e+00
1.715772343360013608e+00
1.625892682174388870e+00
1.471086628147816322e+00
1.270219168501368179e+00
1.042810414600519930e+00
8.071970284758652747e-01
5.791823072179591581e-01
3.712267817363171796e-01
1.921437018681825259e-01
4.720478924565607581e-02
-6.146595770200349862e-02
-1.343351468371501989e-01
-1.738484854552501957e-01
-1.838484502053527869e-01
-1.690763587987210992e-01
-1.347874468503231504e-01
-8.648518363022530964e-02
-2.976384705247623122e-02
2.976384705419165069e-02
8.648518362585332075e-02
1.347874468556988503e-01
1.690763587866367379e-01
1.838484501985870045e-01
1.738484854554630532e-01
1.343351468226874068e-01
6.146595768503603646e-02
-4.720478925280505861e-02
-1.921437018602856484e-01
-3.712267817957267679e-01
-5.791823067805710323e-01
-8.071970283921318101e-01
-1.042810415880862207e+00
-1.270219168559139522e+00
-1.471086628105960914e+00
-1.625892682180388960e+00
-1.715772343383838106e+00
-1.724684353692095717e+00
-1.641645706659958126e+00
-1.462690366929831676e+00
-1.192188475313957774e+00
-8.432154435393546255e-01
-4.367912638474385489e-01
-3.443421200197808876e-15
-2.782274288012832325e-15
4.337339914876133240e-01
8.295061077637193581e-01
1.153832385418723572e+00
1.381470685124907893e+00
1.497907035445749990e+00
1.500261239645012790e+00
1.396611494762851846e+00
1.204010300347695628e+00
9.456490906848236122e-01
6.476993937600586948e-01
3.363189071258112506e-01
3.519126680976474020e-02
-2.361900444397944665e-01
-4.634403064106332737e-01
-6.374781922863964612e-01
-7.541518306511382219e-01
-8.134875645812920109e-01
-8.187504693667260192e-01
-7.754777631232683266e-01
-6.906051066508466230e-01
-5.717615553322656918e-01
-4.267683563490945464e-01
-2.633433559321192163e-01
-8.898752407420157384e-02
8.898752407996571301e-02
2.633433559178851024e-01
4.267683563259851431e-01
5.717615553298629472e-01
6.906051066907905600e-01
7.754777631227571799e-01
8.187504693777524212e-01
8.134875645566151947e-01
7.541518306070894573e-01
6.374781922960940372e-01
4.634403064025597874e-01
2.361900445327857201e-01
-3.519126690880632763e-02
-3.363189070865405528e-01
-6.476993938741701928e-01
-9.456490907280166169e-01
-1.204010300474811501e+00
-1.396611494820534594e+00
-1.500261239537208802e+00
-1.497907035505486650e+00
-1.381470685077110572e+00
-1.153832385399644167e+00
-8.295061077524349402e-01
-4.337339915018312841e-01
-3.623131932661658321e-15
-1.234811070027666779e-15
1.543309392831628823e-01
2.779710888564831395e-01
3.444858420537086352e-01
3.352350067944340206e-01
2.416290738842389874e-01
6.580606883381230621e-02
-1.802583437746743400e-01
-4.769160592279570454e-01
-7.998073529263742820e-01
-1.123068312048348227e+00
-1.422281523194007580e+00
-1.676795954481813844e+00
-1.871212243798058950e+00
-1.995998026206953657e+00
-2.047333710594977596e+00
-2.026375943927383627e+00
-1.938162321455343617e+00
-1.790375449143122299e+00
-1.592150151981710282e+00
-1.353058618250980949e+00
-1.082355640875332092e+00
-7.885177095740730779e-01
-4.790695916043680724e-01
-1.606614916520657521e-01
1.606614916520536229e-01
4.790695916044184766e-01
7.885177095742459397e-01
1.082355640876936587e+00
1.353058618250944312e+00
1.592150151981630346e+00
1.790375449144191000e+00
1.938162321459091286e+00
2.026375943927397394e+00
2.047333710595566458e+00
1.995998026212720156e+00
1.871212243798017427e+00
1.676795954490015950e+00
1.422281523201888165e+00
1.123068312055796270e+00
7.998073529265445902e-01
4.769160592280127231e-01
1.802583437748697948e-01
-6.580606883365421045e-02
-2.416290738843714647e-01
-3.352350067922236776e-01
-3.444858420535987231e-01
-2.779710888565091742e-01
-1.543309392831601901e-01
-1.539650964203837502e-15
1.455226519347269881e-15
-2.714334817579445724e-01
-5.460643406616082496e-01
-8.256109377779828895e-01
-1.109144213104583443e+00
-1.392469724356013794e+00
-1.668177388604617617e+00
-1.926333704510188927e+00
-2.155663746527119784e+00
-2.344985671405684702e+00
-2.484632948884982984e+00
-2.567627512846902604e+00
-2.590436325656459537e+00
-2.553233598546431171e+00
-2.459679922135782792e+00
-2.316301821671506111e+00
-2.131600949489917962e+00
-1.915040392010528336e+00
-1.676048975326575707e+00
-1.423160439264560484e+00
-1.163370300259511048e+00
-9.017561716980463382e-01
-6.413727524002513780e-01
-3.834037090611677745e-01
-1.275311621766880843e-01
1.275311621766817838e-01
3.834037090608585774e-01
6.413727523971248790e-01
9.017561717028953483e-01
1.163370300257238643e+00
1.423160439259052890e+00
1.676048975330946877e+00
1.915040392008895198e+00
2.131600949498785091e+00
2.316301821676415962e+00
2.459679922082210091e+00
2.553233598544776939e+00
2.590436325651966687e+00
2.567627512838869475e+00
2.484632948973136468e+00
2.344985671371718983e+00
2.155663746522295199e+00
1.926333704501102639e+00
1.668177388602920308e+00
1.392469724356614869e+00
1.109144213106332044e+00
8.256109377778881875e-01
5.460643406612164519e-01
2.714334817583124448e-01
1.972576229289640306e-15
5.091825955027200997e-16
-8.629962137330396410e-02
-1.683772229355049999e-01
-2.421951453730754045e-01
-3.040903714941099456e-01
-3.509716764869603711e-01
-3.805162748731217848e-01
-3.913496588624173489e-01
-3.831857516333019298e-01
-3.569026169752632094e-01
-3.145328134083983929e-01
-2.591565913372285146e-01
-1.946987492867440495e-01
-1.256435699400940131e-01
-5.669418271837828316e-02
7.589273338151004272e-03
6.313556898104469295e-02
1.066581452056341167e-01
1.358742550833955953e-01
1.496321117522526334e-01
1.479428807066566209e-01
1.319253837412275587e-01
1.036792803406041963e-01
6.610613741796113330e-02
2.269718616997544805e-02
-2.269718616997533703e-02
-6.610613742028137452e-02
-1.036792803365744059e-01
-1.319253837408670693e-01
-1.479428807081689945e-01
-1.496321117540004020e-01
-1.358742550895631895e-01
-1.066581452071334590e-01
-6.313556898251448946e-02
-7.589273338274356989e-03
5.669418271900546896e-02
1.256435699375800519e-01
1.946987492822512544e-01
2.591565913341933869e-01
3.145328134124256159e-01
3.569026169676883797e-01
3.831857516448379242e-01
3.913496588597348835e-01
3.805162748727995425e-01
3.509716764886360307e-01
3.040903714962963078e-01
2.421951453729042636e-01
1.683772229345563698e-01
8.629962137238231246e-02
6.753795887049303220e-16
7.538173396177382946e-16
-1.254911134108080695e-01
-2.501943703941748032e-01
-3.731794347890560748e-01
-4.932507170709941602e-01
-6.088622419941197572e-01
-7.180845696604351014e-01
-8.186329872350979198e-01
-9.079595348452719206e-01
-9.834037343104513607e-01
-1.042388835547333192e+00
-1.082642920999010050e+00
-1.102418450388687132e+00
-1.100680971932702645e+00
-1.077238785013906019e+00
-1.032790902320420923e+00
-9.688806239548853894e-01
-8.877554325208583119e-01
-7.921488846280995144e-01
-6.850141353144520995e-01
-5.692488429080176937e-01
-4.474549394957718085e-01
-3.217726095120726493e-01
-1.938158192662611801e-01
-6.471869529766711981e-02
6.471869529883765570e-02
1.938158192666038504e-01
3.217726094962076178e-01
4.474549394938242552e-01
5.692488429060215127e-01
6.850141353404202160e-01
7.921488846214889135e-01
8.877554325247708489e-01
9.688806239368169537e-01
1.032790902332158645e+00
1.077238784982944786e+00
1.100680971912243455e+00
1.102418450391889015e+00
1.082642920997300529e+00
1.042388835560769778e+00
9.834037342962902439e-01
9.079595348623848983e-01
8.186329872519918505e-01
7.180845696672959466e-01
6.088622419933110708e-01
4.932507170692742027e-01
3.731794347935080691e-01
2.501943704003311009e-01
1.254911134108171733e-01
9.937599108454792435e-16
-1.988734463143868132e-16
2.823597526046626310e-02
6.430267775900810889e-02
1.155774675774817184e-01
1.885325319502767771e-01
2.882894333368504203e-01
4.181908065704098010e-01
5.794079881160497658e-01
7.706116640883917679e-01
9.877406553484806562e-01
1.223908141770489566e+00
1.469485404728389621e+00
1.712396922195045690e+00
1.938647999733805527e+00
2.133086131039087174e+00
2.280371648167286214e+00
2.366104155540038612e+00
2.378022703070909127e+00
2.307174016261820171e+00
2.148929187067851299e+00
1.903729045095276406e+00
1.577454301772847511e+00
1.181348637641407295e+00
7.314681383161314443e-01
2.476836774652602935e-01
-2.476836774652996231e-01
-7.314681383159512551e-01
-1.181348637641477684e+00
-1.577454301782475810e+00
-1.903729045084480820e+00
-2.148929187073363778e+00
-2.307174016229720515e+00
-2.378022703021846151e+00
-2.366104155519374697e+00
-2.280371648141146235e+00
-2.133086131027318366e+00
-1.938647999733899230e+00
-1.712396922194611371e+00
-1.469485404728240185e+00
-1.223908142300242696e+00
-9.877406544583873238e-01
-7.706116640819045127e-01
-5.794079881178393343e-01
-4.181908065662141571e-01
-2.882894333195290537e-01
-1.885325320807987037e-01
-1.155774675667309848e-01
-6.430267776016518333e-02
-2.823597526055052556e-02
-2.502853065122208433e-16
-8.904585745045167592e-15
1.449812380026707537e+00
2.885823809333635026e+00
4.293881878653376560e+00
5.659164339486945750e+00
6.965925923383940344e+00
8.197340451489667501e+00
9.335465007825497707e+00
1.036134808569161336e+01
1.125529697305670140e+01
1.199731108750139974e+01
1.256767754125006320e+01
1.294771323216610526e+01
1.312062479704103346e+01
1.307244476118017751e+01
1.279299032829084659e+01
1.227678186243607072e+01
1.152385256539626823e+01
1.054038039112207237e+01
9.339078707091077902e+00
7.939293867997394116e+00
6.366775714181275525e+00
4.653108343246151080e+00
2.834815205326518761e+00
9.521767363322303224e-01
-9.521767363325922551e-01
-2.834815205327308352e+00
-4.653108343246308287e+00
-6.366775714181488688e+00
-7.939293867997235132e+00
-9.339078707090159526e+00
-1.054038039111718028e+01
-1.152385256539428227e+01
-1.227678186243556979e+01
-1.279299032827993265e+01
-1.307244476120082233e+01
-1.312062479704204598e+01
-1.294771323216674297e+01
-1.256767754124965997e+01
-1.199731108750135888e+01
-1.125529697306858345e+01
-1.036134808569169508e+01
-9.335465007825268557e+00
-8.197340451488797086e+00
-6.965925923384191698e+00
-5.659164339487107398e+00
-4.293881878653293072e+00
-2.885823809338203372e+00
-1.449812380026712644e+00
-1.167824916913952644e-14
-1.495146408821950489e-14
2.433417628160923218e+00
4.825054335530512439e+00
7.133935770008617894e+00
9.320679407000261207e+00
1.134823809503883396e+01
1.318258323949204325e+01
1.479331147744665564e+01
1.615416177742157799e+01
1.724343341595881896e+01
1.804429897565851704e+01
1.854501025733294739e+01
1.873899846819053394e+01
1.862487328114844942e+01
1.820632798125206975e+01
1.749195999291401549e+01
1.649501747011380104e+01
1.523308335865089447e+01
1.372770843706563504e+01
1.200400429048397477e+01
1.009020624514341335e+01
8.017214899717551191e+00
5.818123364104053508e+00
3.527735631645958936e+00
1.182079996566991698e+00
-1.182079996563484503e+00
-3.527735631654799420e+00
-5.818123364150620702e+00
-8.017214899760810809e+00
-1.009020624514124620e+01
-1.200400429042803552e+01
-1.372770843698554089e+01
-1.523308335848049921e+01
-1.649501747008270058e+01
-1.749195999279425706e+01
-1.820632798111181927e+01
-1.862487328112550955e+01
-1.873899846812583192e+01
-1.854501025739609688e+01
-1.804429897571662167e+01
-1.724343341600976132e+01
-1.615416177739574621e+01
-1.479331147745479313e+01
-1.318258323956968958e+01
-1.134823809515523685e+01
-9.320679406921220433e+00
-7.133935770003897225e+00
-4.825054335550928108e+00
-2.433417628162127144e+00
-1.961289794829777546e-14
-1.500347527576934355e-14
2.438107183059482708e+00
4.825431436483667014e+00
7.112790340762243702e+00
9.254116262354513012e+00
1.120780506958276490e+01
1.293783303988198696e+01
1.441459359538657914e+01
1.561542630195823556e+01
1.652483238153817524e+01
1.713439163229939055e+01
1.744241365107130548e+01
1.745336972167342537e+01
1.717716182761038013e+01
1.662828754303598444e+01
1.582496063203592840e+01
1.478824146585963462e+01
1.354122394564729248e+01
1.210831574360043028e+01
1.051463769325354214e+01
8.785557377672358115e+00
6.946360933620518985e+00
5.022058108616912264e+00
3.037307161931421362e+00
1.016439682724486815e+00
-1.016439682720789772e+00
-3.037307161922524035e+00
-5.022058108590008452e+00
-6.946360933605760124e+00
-8.785557377661856293e+00
-1.051463769326983133e+01
-1.210831574360484097e+01
-1.354122394565936460e+01
-1.478824146599124667e+01
-1.582496063201432612e+01
-1.662828754301495948e+01
-1.717716182776217693e+01
-1.745336972167217482e+01
-1.744241365107775366e+01
-1.713439163229851658e+01
-1.652483238158947998e+01
-1.561542630194856329e+01
-1.441459359542074203e+01
-1.293783303987826905e+01
-1.120780506961918910e+01
-9.254116262335584153e+00
-7.112790340757537244e+00
-4.825431436489567183e+00
-2.438107183041232418e+00
-1.967678392504161271e-14
-1.250567540484677654e-14
2.028145002851239109e+00
4.009814300745567550e+00
5.900278475054011373e+00
7.658188399279973524e+00
9.246995239143778633e+00
1.063607448657914389e+01
1.180149863219966910e+01
1.272643316923872803e+01
1.340116100816783451e+01
1.382276766531390777e+01
1.399454155801055144e+01
1.392515854000289721e+01
1.362772724781535949e+01
1.311877168234607538e+01
1.241722178479036920e+01
1.154347193746370870e+01
1.051855428095322154e+01
9.363459096937562620e+00
8.098620559599348567e+00
6.743573278690152328e+00
5.316774079054688684e+00
3.835575064373411003e+00
2.316327109701005860e+00
7.745886349866105691e-01
-7.745886350365872586e-01
-2.316327109726492139e+00
-3.835575064952241320e+00
-5.316774077415099775e+00
-6.743573279637955942e+00
-8.098620560136183144e+00
-9.363459097178552071e+00
-1.051855428089094247e+01
-1.154347193724511556e+01
-1.241722178382043751e+01
-1.311877168258856585e+01
-1.362772724983078021e+01
-1.392515854402763509e+01
-1.399454155641294051e+01
-1.382276766506214472e+01
-1.340116100904096186e+01
-1.272643316693090476e+01
-1.180149863050799830e+01
-1.063607448632772368e+01
-9.246995238120712557e+00
-7.658188398903138960e+00
-5.900278475185344540e+00
-4.009814300965169664e+00
-2.028145002845912703e+00
-1.639455201308522175e-14
-9.844607689490937865e-15
1.592875228204458704e+00
3.147281811335760349e+00
4.626327630401311453e+00
5.996163343088818820e+00
7.227239315010632659e+00
8.295275152949516340e+00
9.181891529569472965e+00
9.874885121517833042e+00
1.036815800203502747e+01
1.066133950368951844e+01
1.075915945211535885e+01
1.067064223809992463e+01
1.040819878071451221e+01
9.986688098396307112e+00
9.422512485862583276e+00
8.732798599777813919e+00
7.934701971073551796e+00
7.044858299067153773e+00
6.078991766434642230e+00
5.051679287247383243e+00
3.976260943716455554e+00
2.864880418125893780e+00
1.728634961821555738e+00
5.778119915860538969e-01
-5.778119914447387151e-01
-1.728634961847351548e+00
-2.864880417159934023e+00
-3.976260944098343852e+00
-5.051679286682617231e+00
-6.078991768223935388e+00
-7.044858300286703567e+00
-7.934701969103028496e+00
-8.732798599101897707e+00
-9.422512485618794287e+00
-9.986688098733274899e+00
-1.040819877960929141e+01
-1.067064223666770850e+01
-1.075915944978962457e+01
-1.066133950613413539e+01
-1.036815800398281517e+01
-9.874885122131011883e+00
-9.181891528508767664e+00
-8.295275153637332366e+00
-7.227239313523962316e+00
-5.996163343495608089e+00
-4.626327631514341121e+00
-3.147281811760878956e+00
-1.592875227930725668e+00
-1.289951378707192793e-14
-7.712458615273787735e-15
1.244744991381935284e+00
2.458490236596675427e+00
3.611569726574245465e+00
4.676887100367896011e+00
5.630966358330256938e+00
6.454749411863304864e+00
7.134098107196287231e+00
7.659986681075472426e+00
8.028398111537772053e+00
8.239961266355511071e+00
8.299382798977378073e+00
8.214737999469667429e+00
7.996686858755762017e+00
7.657677924517032331e+00
7.211193665837740241e+00
6.671079418556316476e+00
6.050984790074537045e+00
5.363934145509002605e+00
4.622031349287828661e+00
3.836294991390182485e+00
3.016613634585032955e+00
2.171805954991955279e+00
1.309767970446897856e+00
4.376882774654329289e-01
-4.376882773677683858e-01
-1.309767970425435024e+00
-2.171805956019723371e+00
-3.016613635407117577e+00
-3.836294991051537373e+00
-4.622031350028343866e+00
-5.363934147222209958e+00
-6.050984791932547679e+00
-6.671079418779026327e+00
-7.211193666778341615e+00
-7.657677923383195306e+00
-7.996686857779696567e+00
-8.214737998255124296e+00
-8.299382799090894380e+00
-8.239961263733571073e+00
-8.028398111453835639e+00
-7.659986680545117110e+00
-7.134098106959612551e+00
-6.454749411383921220e+00
-5.630966358521500403e+00
-4.676887100654905538e+00
-3.611569726915663026e+00
-2.458490236446113641e+00
-1.244744991423026415e+00
-1.010000632748938832e-14
-6.129944788048156463e-15
9.867655134819141027e-01
1.948477653308408719e+00
2.861193633717614482e+00
3.703107942356602678e+00
4.455420467480557534e+00
5.102988531703362973e+00
5.634727730769134801e+00
6.043751299047547931e+00
6.327261232762777965e+00
6.486224560390863481e+00
6.524882267094289645e+00
6.450146200705604294e+00
6.270940505577796031e+00
5.997539992005058274e+00
5.640949657637481351e+00
5.212359088139081997e+00
4.722694236727062567e+00
4.182278424316688614e+00
3.600605202211490052e+00
2.986218458383493424e+00
2.346689943146596846e+00
1.688681055900642436e+00
1.018073937003043383e+00
3.401562209704992457e-01
-3.401562209815678361e-01
-1.018073936992252460e+00
-1.688681055880541626e+00
-2.346689943200711781e+00
-2.986218458332447589e+00
-3.600605202181167641e+00
-4.182278424420911911e+00
-4.722694236670149870e+00
-5.212359088158715181e+00
-5.640949657439109366e+00
-5.997539991698327633e+00
-6.270940505436503720e+00
-6.450146200625974657e+00
-6.524882267046590023e+00
-6.486224560371084635e+00
-6.327261232704878502e+00
-6.043751298956381746e+00
-5.634727730797097323e+00
-5.102988531601372557e+00
-4.455420467423550690e+00
-3.703107942347462433e+00
-2.861193633737084241e+00
-1.948477653398440257e+00
-9.867655134940864770e-01
-8.022817381755659794e-15
-4.968358278674782755e-15
7.977179807439436221e-01
1.574913513882870708e+00
2.311992426329214201e+00
2.991145536741810496e+00
3.597070315897402892e+00
4.117508869437994434e+00
4.543573096638565012e+00
4.869849195940231468e+00
5.094293960866854043e+00
5.217952225683382572e+00
5.244536660633047909e+00
5.179917254589832432e+00
5.031568407220919248e+00
4.808017528859751977e+00
4.518331689751450497e+00
4.171669713851428263e+00
3.776917510768110553e+00
3.342415449309934949e+00
2.875779002359357683e+00
2.383807992247337637e+00
1.872475682958863130e+00
1.346986437587090135e+00
8.118894276260727461e-01
2.712355035585505836e-01
-2.712355035637252221e-01
-8.118894276875152638e-01
-1.346986437466014763e+00
-1.872475682963873567e+00
-2.383807992467450010e+00
-2.875779002504984749e+00
-3.342415449603636013e+00
-3.776917511073568878e+00
-4.171669714197999923e+00
-4.518331689591321698e+00
-4.808017529079628538e+00
-5.031568406971551610e+00
-5.179917254188237230e+00
-5.244536660733535527e+00
-5.217952225954589629e+00
-5.094293960297002322e+00
-4.869849195732643743e+00
-4.543573096922085774e+00
-4.117508869420571926e+00
-3.597070316009026936e+00
-2.991145536724866272e+00
-2.311992426357615482e+00
-1.574913513919955488e+00
-7.977179807171912440e-01
-6.498676182992931983e-15
-4.104095905369189781e-15
6.573120978421298499e-01
1.297544389288165290e+00
1.904401347611470507e+00
2.463094626822444511e+00
2.960950242922192555e+00
3.387858613589869172e+00
3.736542982921866152e+00
4.002640136088553291e+00
4.184604808796569486e+00
4.283463539841322998e+00
4.302453713643431321e+00
4.246588478308862769e+00
4.122188385494447438e+00
3.936416873344920742e+00
3.696850142507226877e+00
3.411104046705108583e+00
3.086532368229681023e+00
2.730003212753544961e+00
2.347753969118225648e+00
1.945320402807707350e+00
1.527532166805229741e+00
1.098565062620240562e+00
6.620394891481047317e-01
2.211543177379436120e-01
-2.211543177324105380e-01
-6.620394890436382962e-01
-1.098565062594027975e+00
-1.527532166467978625e+00
-1.945320402592921605e+00
-2.347753968824541460e+00
-2.730003211998329959e+00
-3.086532370381183554e+00
-3.411104047785452398e+00
-3.696850143326433802e+00
-3.936416874562155055e+00
-4.122188385535816124e+00
-4.246588478023325841e+00
-4.302453713640887578e+00
-4.283463538706030249e+00
-4.184604811482261155e+00
-4.002640136380844815e+00
-3.736542984183472083e+00
-3.387858614240075283e+00
-2.960950243027128614e+00
-2.463094628224745009e+00
-1.904401347209970119e+00
-1.297544389265169462e+00
-6.573120978887109223e-01
-5.365118666628878792e-15
-3.446395601779937385e-15
5.506697985748824076e-01
1.086911215201620262e+00
1.594966647861775666e+00
2.062366910922055929e+00
2.478448748586773220e+00
2.834736587182803191e+00
3.125167685449578681e+00
3.346155869863194798e+00
3.496504215725395159e+00
3.577189393037506271e+00
3.591048893408641973e+00
3.542406390200282473e+00
3.436670446941510360e+00
3.279938267333211144e+00
3.078630421274846540e+00
2.839175499338579822e+00
2.567756478375049056e+00
2.270124150336839453e+00
1.951477516902234699e+00
1.616407070147265035e+00
1.268894153786381596e+00
9.123580502611271514e-01
5.497417706124755332e-01
1.836274550729790345e-01
-1.836274550992438581e-01
-5.497417706988974029e-01
-9.123580503885820869e-01
-1.268894154059853507e+00
-1.616407070275306612e+00
-1.951477516620000241e+00
-2.270124150254395179e+00
-2.567756477979317165e+00
-2.839175498957055677e+00
-3.078630421838330466e+00
-3.279938267429369336e+00
-3.436670447272401674e+00
-3.542406390171271457e+00
-3.591048893119274332e+00
-3.577189392880007812e+00
-3.496504215252714154e+00
-3.346155870066690241e+00
-3.125167685726286670e+00
-2.834736587381280870e+00
-2.478448747687967302e+00
-2.062366910849203094e+00
-1.594966648201109116e+00
-1.086911215423461030e+00
-5.506697983719506251e-01
-4.502869033923611834e-15
-2.933374930258974433e-15
4.676547394795272372e-01
9.229636390821744918e-01
1.354161169340785564e+00
1.750595940247852811e+00
2.103177046900595037e+00
2.404701911084251797e+00
2.650047680012036277e+00
2.836222332155070802e+00
2.962284897826025887e+00
3.029155027949945733e+00
3.039339327826647175e+00
2.996605395197918575e+00
2.905634134198152196e+00
2.771677791140287006e+00
2.600245945120252422e+00
2.396835551479671533e+00
2.166714882563673950e+00
1.914765634754452606e+00
1.645382786366023753e+00
1.362428476492566487e+00
1.069233841908930227e+00
7.686415442296508083e-01
4.630811875503694774e-01
1.546698441325518592e-01
-1.546698442278498786e-01
-4.630811876230853108e-01
-7.686415441925796843e-01
-1.069233841832933241e+00
-1.362428477278651018e+00
-1.645382786645718021e+00
-1.914765634032170816e+00
-2.166714882152730226e+00
-2.396835550031267470e+00
-2.600245945077892085e+00
-2.771677791490880782e+00
-2.905634134424594617e+00
-2.996605395310609321e+00
-3.039339326610907666e+00
-3.029155027105649545e+00
-2.962284898687618462e+00
-2.836222331717384471e+00
-2.650047680129717254e+00
-2.404701910621941607e+00
-2.103177046667870087e+00
-1.750595940466815437e+00
-1.354161168348340327e+00
-9.229636390697749659e-01
-4.676547395223551451e-01
-3.830612116549468512e-15
-2.523601280788499599e-15
4.014837444188723570e-01
7.922920214152090468e-01
1.162256362372986684e+00
1.502181291776652383e+00
1.804233161340037972e+00
2.062224613317324984e+00
2.271779050598157212e+00
2.430372003402834657e+00
2.537258009736956588e+00
2.593301085745338241e+00
2.600733181386779780e+00
2.562867883743384922e+00
2.483796257449415457e+00
2.368088764109783195e+00
2.220522552705090469e+00
2.045847906673334826e+00
1.848602202470711831e+00
1.632974775649397081e+00
1.402722127834246768e+00
1.161129991287655150e+00
9.110168626500609879e-01
6.547725985240171465e-01
3.944252818103657354e-01
1.317296189110441218e-01
-1.317296189114086913e-01
-3.944252818057274457e-01
-6.547725984902907914e-01
-9.110168627602370783e-01
-1.161129991065043443e+00
-1.402722127733689872e+00
-1.632974775668726064e+00
-1.848602202597954047e+00
-2.045847906582920928e+00
-2.220522552235526970e+00
-2.368088764090445331e+00
-2.483796256944847070e+00
-2.562867884677009656e+00
-2.600733181720420450e+00
-2.593301085697272246e+00
-2.537258009931004032e+00
-2.430372003205182097e+00
-2.271779050635588160e+00
-2.062224613909279025e+00
-1.804233161399600993e+00
-1.502181291922069617e+00
-1.162256362656696407e+00
-7.922920214433588626e-01
-4.014837444203012695e-01
-3.293908464498126094e-15
-2.189238887147142769e-15
3.476015433325231885e-01
6.858944472234455025e-01
1.006016611173940811e+00
1.299962553241079011e+00
1.560924927587933997e+00
1.783543397221364790e+00
1.964047157307562186e+00
2.100288592251811082e+00
2.191675981022421560e+00
2.239021524774331695e+00
2.244326524576909510e+00
2.210527970859340385e+00
2.141230316898452113e+00
2.040443536142796610e+00
1.912344303122050837e+00
1.761072246314537404e+00
1.590568387602709910e+00
1.404458494160740534e+00
1.205980669004070416e+00
9.979539296379120739e-01
7.827829441993909843e-01
5.624932433100133800e-01
3.387909394552790499e-01
1.131410698624523564e-01
-1.131410698567461431e-01
-3.387909394700100441e-01
-5.624932430602928024e-01
-7.827829445540805953e-01
-9.979539293607974093e-01
-1.205980668862296268e+00
-1.404458493901705740e+00
-1.590568387246489968e+00
-1.761072246564457489e+00
-1.912344302913888239e+00
-2.040443536410741832e+00
-2.141230316751313367e+00
-2.210527970790023389e+00
-2.244326525388387950e+00
-2.239021524908493710e+00
-2.191675981717215116e+00
-2.100288592434610191e+00
-1.964047157339348759e+00
-1.783543397303991584e+00
-1.560924927928496464e+00
-1.299962553368108953e+00
-1.006016611202356970e+00
-6.858944471080320460e-01
-3.476015433917414299e-01
-2.856186408676343296e-15
-1.911346519314378921e-15
3.029096285321448145e-01
5.976492929567913670e-01
8.764448524125052487e-01
1.132281190360382883e+00
1.359204122944009274e+00
1.552539547169613066e+00
1.709017751612808889e+00
1.826800835620223218e+00
1.905420540085418279e+00
1.945641225845083921e+00
1.949267666016106793e+00
1.918919301098590990e+00
1.857792223602229509e+00
1.769427488411293714e+00
1.657500611223557963e+00
1.525642678354443005e+00
1.377299106863694167e+00
1.215628320971976928e+00
1.043439529884243822e+00
8.631665946083518781e-01
6.768736426985977328e-01
4.862873282270243624e-01
2.928504898771130960e-01
9.779201261215782204e-02
-9.779201265355964845e-02
-2.928504898076541019e-01
-4.862873284155410092e-01
-6.768736428199654265e-01
-8.631665945366348014e-01
-1.043439530341466748e+00
-1.215628321081422047e+00
-1.377299106414568319e+00
-1.525642677943128467e+00
-1.657500611274799862e+00
-1.769427487881974681e+00
-1.857792224030662576e+00
-1.918919300812460316e+00
-1.949267665028785679e+00
-1.945641226244361199e+00
-1.905420539919081779e+00
-1.826800836638547976e+00
-1.709017751987289335e+00
-1.552539547536426312e+00
-1.359204123113247453e+00
-1.132281190012490057e+00
-8.764448517413757633e-01
-5.976492928694586704e-01
-3.029096286348763600e-01
-2.492562045821016103e-15
-1.676811806116869660e-15
2.652638724945230453e-01
5.233211381595214151e-01
7.673178149687407412e-01
9.910758439571122347e-01
1.189361317631230985e+00
1.358078427883826045e+00
1.494378412780249743e+00
1.596681859416118288e+00
1.664621089276422605e+00
1.698916072409583311e+00
1.701201599788202179e+00
1.673825240178703044e+00
1.619635045825100983e+00
1.541773625357438560e+00
1.443491682708160306e+00
1.327990140569109467e+00
1.198296088134088944e+00
1.057174329054889172e+00
9.070736826209850889e-01
7.501052281542259781e-01
5.880485319989874338e-01
4.223813247303487839e-01
2.543279194307934699e-01
8.492181878533701378e-02
-8.492181876025610421e-02
-2.543279192970590019e-01
-4.223813247066424137e-01
-5.880485320467789823e-01
-7.501052279555325830e-01
-9.070736831897677765e-01
-1.057174328614473025e+00
-1.198296087558800238e+00
-1.327990140492394167e+00
-1.443491682607700444e+00
-1.541773625470514775e+00
-1.619635046375137000e+00
-1.673825240538286963e+00
-1.701201600445724216e+00
-1.698916072089481144e+00
-1.664621088595165110e+00
-1.596681858469860327e+00
-1.494378412300837677e+00
-1.358078428444422725e+00
-1.189361317947519092e+00
-9.910758439367460815e-01
-7.673178144252039701e-01
-5.233211382395528410e-01
-2.652638726118130008e-01
-2.185810534216770591e-15
-1.476377889534772758e-15
2.331513036275671413e-01
4.599215946484649375e-01
6.742452031462651263e-01
8.706606844151795199e-01
1.044550030537549246e+00
1.192310967739882877e+00
1.311452795223234880e+00
1.400614415116030687e+00
1.459510849616271866e+00
1.488820465785365865e+00
1.490029016603988232e+00
1.465248131229703654e+00
1.417025266046270549e+00
1.348159966622427541e+00
1.261538087815653908e+00
1.159991957877616553e+00
1.046191002659303315e+00
9.225642760532775100e-01
7.912539729611970385e-01
6.540973269929623024e-01
5.126332707919487586e-01
3.681297913101537200e-01
2.216277787963917001e-01
7.399732616918540395e-02
-7.399732611374981728e-02
-2.216277789010714094e-01
-3.681297913816333200e-01
-5.126332708167774532e-01
-6.540973268527029427e-01
-7.912539729611793859e-01
-9.225642759132995918e-01
-1.046191002395012948e+00
-1.159991957845107891e+00
-1.261538087211496517e+00
-1.348159965712890873e+00
-1.417025265403498713e+00
-1.465248131801593745e+00
-1.490029017540502876e+00
-1.488820464764251783e+00
-1.459510850431757989e+00
-1.400614414972661370e+00
-1.311452793972709863e+00
-1.192310968056061737e+00
-1.044550030294126408e+00
-8.706606848362152817e-01
-6.742452031951452485e-01
-4.599215947460205123e-01
-2.331513036424397167e-01
-1.923773022472860372e-15
-1.303369988025091770e-15
2.054815938764512628e-01
4.052971583409931133e-01
5.940634768535066890e-01
7.669390117482849378e-01
9.198378523369816762e-01
1.049583215483515630e+00
1.153991947639055660e+00
1.231889032660156591e+00
1.283057824737935837e+00
1.308137318177879926e+00
1.308481043240122377e+00
1.285993530540484597e+00
1.242959709869992269e+00
1.181880521930267047e+00
1.105325109608096046e+00
1.015806624493741372e+00
9.156855213993350118e-01
8.071015773987162412e-01
6.919335215383513038e-01
5.717840464219648977e-01
4.479867245123017039e-01
3.216312702539252943e-01
1.936033483944363531e-01
6.463533362550695494e-02
-6.463533364363015232e-02
-1.936033484242471181e-01
-3.216312699816739062e-01
-4.479867227692791998e-01
-5.717840461526606521e-01
-6.919335217167318364e-01
-8.071015779460837258e-01
-9.156855217344836984e-01
-1.015806624735142716e+00
-1.105325109577858678e+00
-1.181880520902850007e+00
-1.242959709898068699e+00
-1.285993530681572850e+00
-1.308481048054868312e+00
-1.308137318717518705e+00
-1.283057824213891696e+00
-1.231889031300496873e+00
-1.153991947515812466e+00
-1.049583211907610503e+00
-9.198378523349510782e-01
-7.669390110872181809e-01
-5.940634773031616689e-01
-4.052971579866975760e-01
-2.054815933178615883e-01
-1.697683368854059029e-15
-1.152866532148314339e-15
1.814513690262863077e-01
3.578610888390535982e-01
5.244416812391433647e-01
6.768922998825278592e-01
8.115904819161917638e-01
9.257291877844956440e-01
1.017391458905660739e+00
1.085561917229072471e+00
1.130080493692513732e+00
1.151548630658625116e+00
1.151201392066498519e+00
1.130759844829193561e+00
1.092277560714880913e+00
1.037993304807992345e+00
9.701989283569703026e-01
8.911288805330791485e-01
8.028745667424801447e-01
7.073245168773723002e-01
6.061293863310212027e-01
5.006895057605916799e-01
3.921619914924810990e-01
2.814840753332528145e-01
1.694092960009929150e-01
5.655335402074689738e-02
-5.655335410365015109e-02
-1.694092959572070511e-01
-2.814840753147586083e-01
-3.921619912696025501e-01
-5.006895056405977762e-01
-6.061293866262007501e-01
-7.073245168978395947e-01
-8.028745668276889846e-01
-8.911288809379454001e-01
-9.701989285680662212e-01
-1.037993304209047452e+00
-1.092277556318673737e+00
-1.130759844229461297e+00
-1.151201393863109823e+00
-1.151548631618359186e+00
-1.130080494072907005e+00
-1.085561920454275908e+00
-1.017391459411420396e+00
-9.257291886278877779e-01
-8.115904833175751065e-01
-6.768923001134905526e-01
-5.244416818395154500e-01
-3.578610890329867456e-01
-1.814513690617712283e-01
-1.501079054202464485e-15
-1.021153871061446398e-15
1.604549591470388614e-01
3.164170899975565776e-01
4.636223412373406960e-01
5.982444960603809925e-01
7.170673134028836548e-01
8.176070129831594091e-01
8.981783510017286032e-01
9.579035871313643646e-01
9.966694260747877010e-01
1.015041325958762952e+00
1.014147404782978379e+00
9.955449507878140203e-01
9.610822660858858724e-01
9.127662846131091579e-01
8.526444862519655388e-01
7.827063837005169278e-01
7.048075927201575830e-01
6.206171509491115179e-01
5.315870987636023282e-01
4.389422426660971044e-01
3.436873143862290703e-01
2.466285241576931797e-01
1.484065107586988730e-01
4.953780703216554421e-02
-4.953780702305681655e-02
-1.484065105328867262e-01
-2.466285245487590538e-01
-3.436873143532765407e-01
-4.389422429369840839e-01
-5.315870987064740261e-01
-6.206171509185213209e-01
-7.048075922179579678e-01
-7.827063845430930478e-01
-8.526444861475338532e-01
-9.127662844980836132e-01
-9.610822644979540863e-01
-9.955449555112056981e-01
-1.014147403778028700e+00
-1.015041330234307981e+00
-9.966694266815101511e-01
-9.579035878364366985e-01
-8.981783502174102152e-01
-8.176070122391411177e-01
-7.170673145948095462e-01
-5.982444983540932126e-01
-4.636223409380306193e-01
-3.164170906992773147e-01
-1.604549589238989937e-01
-1.329084700193012408e-15
-9.053636817134330144e-16
1.420250431760979870e-01
2.800420787644971043e-01
4.102492371539275262e-01
5.292390031095025593e-01
6.341528846907089623e-01
7.227910519808775636e-01
7.936708118570158232e-01
8.460334927374911773e-01
8.798043563561706026e-01
8.955142611996741442e-01
8.941941815568480445e-01
8.772544595588562810e-01
8.463601738949010356e-01
8.033122555097523820e-01
7.499416853058232801e-01
6.880216634735145664e-01
6.192001883065670897e-01
5.449536537031911543e-01
4.665604183399741367e-01
3.850924294501564815e-01
3.014223462715950874e-01
2.162434632334773732e-01
1.300997075329475283e-01
4.342317020926451943e-02
-4.342317060936072559e-02
-1.300997075216685506e-01
-2.162434634500883801e-01
-3.014223461426353001e-01
-3.850924294179591256e-01
-4.665604190879210633e-01
-5.449536544371497149e-01
-6.192001886799922694e-01
-6.880216635167952788e-01
-7.499416874116713316e-01
-8.033122538080155195e-01
-8.463601708429144832e-01
-8.772544588020529943e-01
-8.941941810191009754e-01
-8.955142607351674888e-01
-8.798043548331823116e-01
-8.460334908820786870e-01
-7.936708121873247146e-01
-7.227910512408851629e-01
-6.341528855076284943e-01
-5.292390030876240603e-01
-4.102492366361774057e-01
-2.800420791514505736e-01
-1.420250430183314372e-01
-1.177935641658128394e-15
-8.032292349345206774e-16
1.257927553661878084e-01
2.480074037382079544e-01
3.632517066455970278e-01
4.684888677146195612e-01
5.611766082028802893e-01
6.393653501226421731e-01
7.017500322374887745e-01
7.476751910954676505e-01
7.770977079431335977e-01
7.905151569804139688e-01
7.888699043191399474e-01
7.734398331549995342e-01
7.457258778963538060e-01
7.073451468668358055e-01
6.599361059552198983e-01
6.050801907724208117e-01
5.442419531856623749e-01
4.787281484114765950e-01
4.096647790467333183e-01
3.379902913537071174e-01
2.644626031073994965e-01
1.896775018051654882e-01
1.140959590267231344e-01
3.807812455889291597e-02
-3.807812457070756940e-02
-1.140959590115468159e-01
-1.896775009620763897e-01
-2.644626037505403149e-01
-3.379902910151908468e-01
-4.096647784925226410e-01
-4.787281487998578666e-01
-5.442419550457369137e-01
-6.050801904355636029e-01
-6.599361061159821906e-01
-7.073451458257443702e-01
-7.457258788329808041e-01
-7.734398326564264625e-01
-7.888699044119772408e-01
-7.905151561972602048e-01
-7.770977096483508983e-01
-7.476751925054920811e-01
-7.017500342463796059e-01
-6.393653499583963340e-01
-5.611766082233023978e-01
-4.684888688991707406e-01
-3.632517061865950248e-01
-2.480074038000451009e-01
-1.257927555163049216e-01
-1.044657661582471075e-15
-7.129199629502446917e-16
1.114605974022244150e-01
2.197253505010497709e-01
3.217660826130165908e-01
4.148751246338391319e-01
4.967904287644042682e-01
5.657835395583586946e-01
6.207054892604938479e-01
6.609904073151356974e-01
6.866209149287304525e-01
6.980625695120675767e-01
6.961766933057341733e-01
6.821213999493249691e-01
6.572501209219195895e-01
6.230154592982749540e-01
5.808842024914093738e-01
5.322673515343921968e-01
4.784669405250781549e-01
4.206399806933127095e-01
3.597785261262517742e-01
2.967042092658373487e-01
2.320751031008824738e-01
1.664026965124099922e-01
1.000767816074014660e-01
3.339622509487547714e-02
-3.339622502422365247e-02
-1.000767818600424991e-01
-1.664026964412092802e-01
-2.320751026822932828e-01
-2.967042092462424119e-01
-3.597785274779084497e-01
-4.206399806298142252e-01
-4.784669405895317640e-01
-5.322673519862644032e-01
-5.808842030970282622e-01
-6.230154579945575977e-01
-6.572501218295971892e-01
-6.821214001017249506e-01
-6.961766939665424703e-01
-6.980625701718723430e-01
-6.866209152280241534e-01
-6.609904074845113220e-01
-6.207054881574093352e-01
-5.657835390682296461e-01
-4.967904298056829426e-01
-4.148751245624917039e-01
-3.217660823485045674e-01
-2.197253498020887708e-01
-1.114605975448423325e-01
-9.268496016129858024e-16
-6.329279749676398229e-16
9.878385503900401210e-02
1.947124558556230789e-01
2.850818307342179447e-01
3.674770906307492924e-01
4.398850020430503105e-01
5.007728219934531877e-01
5.491289690248859490e-01
5.844654011265535409e-01
6.067854823052839519e-01
6.165240365577674408e-01
6.144680921162797294e-01
6.016672593899842214e-01
5.793421263923070885e-01
5.487977729812377747e-01
5.113475934419684510e-01
4.682508040264048987e-01
4.206652104128587033e-01
3.696154134797418611e-01
3.159755336185836594e-01
2.604648462254351982e-01
2.036544658003064667e-01
1.459829746478460699e-01
8.777909373551057159e-02
2.928954076441023235e-02
-2.928954083576692027e-02
-8.777909352635966667e-02
-1.459829747189457794e-01
-2.036544663441081926e-01
-2.604648455989739264e-01
-3.159755331275929668e-01
-3.696154141285147854e-01
-4.206652091904241053e-01
-4.682508045963014176e-01
-5.113475930094349975e-01
-5.487977723703798549e-01
-5.793421256149285936e-01
-6.016672579252324571e-01
-6.144680928041977852e-01
-6.165240373743217095e-01
-6.067854802238596967e-01
-5.844654014528840591e-01
-5.491289702006829643e-01
-5.007728214345595896e-01
-4.398850013291288330e-01
-3.674770903982584880e-01
-2.850818308806019052e-01
-1.947124549236813884e-01
-9.878385497658521974e-02
-8.225342254303214593e-16
