3.809370235695973968e-24
4.713341263130157843e-25
-2.737383800789244302e-24
-2.071520884775320650e-24
-4.469291413408865699e-25
-4.426449148570620201e-25
1.485017264042852466e-21
-2.952011397219806281e-25
4.799029057312738832e-09
2.759869140387499994e-09
-3.295825483017899300e-09
-3.436945635736926833e-09
-1.157049682976108031e-09
-1.218258101296977897e-10
-6.097125463280347990e-11
-1.217987531893490670e-11
9.811918106091018040e-09
5.655403916809936837e-09
-6.691427693243781502e-09
-6.988648433807852011e-09
-2.355613711243370003e-09
-2.480811857723775093e-10
-1.241629240051542873e-10
-2.480478786504995079e-11
1.498116772334872703e-08
8.656441342964424355e-09
-1.012411520966460674e-08
-1.058817408961655843e-08
-3.569662998155034835e-09
-3.758904134159686893e-10
-1.881380257215823734e-10
-3.759038097080513505e-11
2.024728696688414984e-08
1.173230413221033672e-08
-1.352809690680326099e-08
-1.416543110917461741e-08
-4.771991036869260617e-09
-5.022480470185949824e-10
-2.513941007420536064e-10
-5.023895603483531315e-11
2.555220956335672944e-08
1.485408146079655874e-08
-1.683678931102144497e-08
-1.764994803271799343e-08
-5.935456347278961840e-09
-6.241619917691002926e-10
-3.124344865305510006e-10
-6.245341570059512314e-11
3.084197114060730366e-08
1.799622584434632094e-08
-1.998535757432950000e-08
-2.097376370387592568e-08
-7.034240774849527304e-09
-7.387982942778651492e-10
-3.698406219245897657e-10
-7.395144050840904224e-11
3.606836591111807996e-08
2.113725578685197551e-08
-2.291336173950027895e-08
-2.407425427404456564e-08
-8.045036069613237469e-09
-8.436169997923293833e-10
-4.223399493004858704e-10
-8.447892165782380201e-11
4.118952961180692709e-08
2.425955883778975472e-08
-2.556732377301423562e-08
-2.689670254939727275e-08
-8.948069287134028493e-09
-9.364887852227957262e-10
-4.688644586950451256e-10
-9.382161861892828614e-11
4.616960904693062172e-08
2.734847772309612300e-08
-2.790299854989713892e-08
-2.939641858799642983e-08
-9.727895165027062610e-09
-1.015783376070479889e-09
-5.085952188176465279e-10
-1.018141501834426941e-10
5.097782466792454012e-08
3.039098805174342306e-08
-2.988713571772571303e-08
-3.154025102462825103e-08
-1.037389834997896047e-08
-1.080423874913869893e-09
-5.409898404872067141e-10
-1.083456857194665261e-10
5.558729040548134209e-08
3.337431655333510530e-08
-3.149856284069471455e-08
-3.330738170569808260e-08
-1.088047963348875733e-08
-1.129903304784413091e-09
-5.657913573799308731e-10
-1.133619706270750337e-10
5.997391764703072860e-08
3.628480603160483879e-08
-3.272849596773429779e-08
-3.468936881303995864e-08
-1.124693005844252935e-08
-1.164265251886400574e-09
-5.830186461951424793e-10
-1.168637293894858479e-10
6.411563756490994639e-08
3.910723753680267695e-08
-3.358007594458440269e-08
-3.568947903779349836e-08
-1.147702475455361066e-08
-1.184051234503977921e-09
-5.929406094671098281e-10
-1.189017995972793152e-10
6.799204814813970282e-08
4.182468693501899572e-08
-3.406721637706054065e-08
-3.632141730436816261e-08
-1.157839298478619214e-08
-1.190223178174081466e-09
-5.960375805811376163e-10
-1.195696550397733722e-10
7.158447571679215891e-08
4.441888388990169632e-08
-3.421291957097043808e-08
-3.660761180562125274e-08
-1.156173685671152435e-08
-1.184069416329262294e-09
-5.929541173565228283e-10
-1.189941762403056109e-10
7.487635368454211542e-08
4.687095497430989984e-08
-3.404725694294050524e-08
-3.657723612945277955e-08
-1.143997537112027994e-08
-1.167102904459144904e-09
-5.844482073642997905e-10
-1.173255742488305473e-10
7.785377539329344597e-08
4.916237567301054194e-08
-3.360521649425806954e-08
-3.626414965840629765e-08
-1.122738840776535978e-08
-1.140961349250272210e-09
-5.713410155229484293e-10
-1.147273925974640078e-10
8.050607402902392488e-08
5.127597300270188624e-08
-3.292460516981915587e-08
-3.570491467526633225e-08
-1.093881909784318424e-08
-1.107316009579384726e-09
-5.544710080193508688e-10
-1.113672664043628327e-10
8.282630735782113283e-08
5.319682675503626933e-08
-3.204414724541253281e-08
-3.493701400138192261e-08
-1.058898508960498331e-08
-1.067794580808688393e-09
-5.346551208075417606e-10
-1.074090763390728267e-10
8.481155905593389387e-08
5.491297662925928997e-08
-3.100188109026312673e-08
-3.399735012348109405e-08
-1.019192216044004541e-08
-1.023920942861708842e-09
-5.126583517787374019e-10
-1.030067232377600423e-10
8.646303198780662489e-08
5.641587688759335212e-08
-2.983390079335019164e-08
-3.292106424118346128e-08
-9.760572468451255237e-09
-9.770729041187455914e-10
-4.891724025952708145e-10
-9.829971674633022497e-11
8.778591707796075967e-08
5.770059454522764824e-08
-2.857345120774758080e-08
-3.174068111234446831e-08
-9.306513440384165809e-09
-9.284567428178808905e-10
-4.648027990902634028e-10
-9.341047018952321191e-11
8.878908498572554184e-08
5.876577506035129867e-08
-2.725035243503457541e-08
-3.048555563905047188e-08
-8.839812277459124624e-09
-8.790965834213434625e-10
-4.400634896766733113e-10
-8.844310589144847114e-11
8.948463293321853515e-08
5.961341672689420729e-08
-2.589070902313807468e-08
-2.918158160564483451e-08
-8.368985915834125380e-09
-8.298356519887490492e-10
-4.153774617051309589e-10
-8.348347388924308253e-11
8.988734548385353910e-08
6.024850928810216804e-08
-2.451684938041736463e-08
-2.785111374363401940e-08
-7.901042715240717873e-09
-7.813463710748510573e-10
-3.910817950261378644e-10
-7.860011216002911946e-11
9.001411509976185456e-08
6.067858795489561263e-08
-2.314743931803271088e-08
-2.651305245209637172e-08
-7.441582350491009227e-09
-7.341462645920420716e-10
-3.674356986869297208e-10
-7.384581490311960177e-11
8.988336406856710050e-08
6.091324904817560854e-08
-2.179771647481604123e-08
-2.518304392942246070e-08
-6.994932904546120180e-09
-6.886171275032868235e-10
-3.446301647544426866e-10
-6.925954922881192859e-11
8.951449931384337583e-08
6.096366483315381074e-08
-2.047980102251066639e-08
-2.387375464430527965e-08
-6.564307601917487905e-09
-6.450253473047623182e-10
-3.227982302190627444e-10
-6.486851188556268859e-11
8.892742075934681379e-08
6.084212516360794741e-08
-1.920304568819004425e-08
-2.259518626134974731e-08
-6.151966741493194761e-09
-6.035418493606786565e-10
-3.020250182115464748e-10
-6.069015506298995057e-11
8.814209656574999490e-08
6.056162219330808761e-08
-1.797439730941184491e-08
-2.135500520498549033e-08
-5.759375717794312949e-09
-5.642606266282343803e-10
-2.823570868155795912e-10
-5.673407714192561589e-11
8.717820774914163871e-08
6.013549037751299543e-08
-1.679874997012273271e-08
-2.015886825908182828e-08
-5.387351401282484856e-09
-5.272152501286047692e-10
-2.638107403294858697e-10
-5.300371123525752794e-11
8.605486447314072764e-08
5.957710298242088447e-08
-1.567927682593502044e-08
-1.901073069199444593e-08
-5.036193668276090844e-09
-4.923930956888629103e-10
-2.463791821159077910e-10
-4.949777908365068253e-11
8.479038703287790927e-08
5.889962635391821610e-08
-1.461773261824497692e-08
-1.791313006220639552e-08
-4.705800060762839074e-09
-4.597472597868008506e-10
-2.300385019004519823e-10
-4.621151543663155484e-11
8.340214647515993497e-08
5.811582687409590124e-08
-1.361472274303071874e-08
-1.686744021035969217e-08
-4.395763271998365392e-09
-4.292063013209869850e-10
-2.147525650734623585e-10
-4.313766011405350360e-11
8.190645589940032425e-08
5.723792611762570745e-08
-1.266993841279657558e-08
-1.587409529364232555e-08
-4.105452463295760863e-09
-4.006820338301559653e-10
-2.004769180949097535e-10
-4.026725987611485463e-11
8.031850589413552016e-08
5.627749698577198182e-08
-1.178235856335827557e-08
-1.493278334069205259e-08
-3.834079681781697285e-09
-3.740756365242475335e-10
-1.871618406066032658e-10
-3.759028457842330945e-11
7.865233460664882408e-08
5.524539565671980413e-08
-1.095042076130626169e-08
-1.404261155720462717e-08
-3.580753193985960457e-09
-3.492823518420435244e-10
-1.747546945999192011e-10
-3.509611695987390912e-11
7.692082685297460065e-08
5.415172201923444220e-08
-1.017216387364585628e-08
-1.320224548193041177e-08
-3.344519573338381315e-09
-3.261950317080032244e-10
-1.632016932960581816e-10
-3.277390051657854106e-11
7.513573482147390659e-08
5.300580347202085421e-08
-9.445345946365005888e-09
-1.241002483093451798e-08
-3.124396282831590671e-09
-3.047067542319198343e-10
-1.524492000284890869e-10
-3.061281357311754810e-11
7.330771543960142633e-08
5.181619748933295079e-08
-8.767540007206000554e-09
-1.166405880712204821e-08
-2.919396446240452303e-09
-2.847127096219956940e-10
-1.424446670824950721e-10
-2.860225409109868597e-11
7.144637983944273964e-08
5.059070775170966801e-08
-8.136211272263489626e-09
-1.096230366581078731e-08
-2.728547220200059086e-09
-2.661115181470189299e-10
-1.331372876008106530e-10
-2.673197540350772475e-11
6.956035060653069493e-08
4.933641110295281266e-08
-7.548778324947533119e-09
-1.030262505145379815e-08
-2.550903067818112794e-09
-2.488061079720138372e-10
-1.244784308602829375e-10
-2.499217130534535953e-11
6.765732420769318573e-08
4.805969128545278228e-08
-7.002660967447830038e-09
-9.682847528827949877e-09
-2.385554976395637153e-09
-2.327042660880846302e-10
-1.164219117545874698e-10
-2.337353022030744053e-11
6.574413598566079095e-08
4.676627832692792952e-08
-6.495316887447048347e-09
-9.100793315912450469e-09
-2.231636518385899068e-09
-2.177189374696820173e-10
-1.089241379959666751e-10
-2.186726849400925541e-11
6.382682585307646796e-08
4.546129016646304974e-08
-6.024269166097324797e-09
-8.554312120110818976e-09
-2.088327476301071957e-09
-2.037683447119714768e-10
-1.019441661772979958e-10
-2.046513666576027248e-11
6.191070271111581238e-08
4.414927612659537620e-08
-5.587126328412957119e-09
-8.041303635461515594e-09
-1.954855620019084648e-09
-1.907759703770557543e-10
-9.544369160548886734e-11
-1.915941947417556918e-11
6.000040763997750549e-08
4.283426026542344031e-08
-5.181596292694431855e-09
-7.559733995540397118e-09
-1.830497103175683211e-09
-1.786704490111765632e-10
-8.938699172263071114e-11
-1.794292341111265372e-11
5.809997403351773804e-08
4.151978438198484136e-08
-4.805495517181019240e-09
-7.107647441871291127e-09
-1.714575852035924347e-09
-1.673853916503735856e-10
-8.374083773090129829e-11
-1.680895861706322819e-11
5.621288451498266924e-08
4.020894909622273755e-08
-4.456754330466320170e-09
-6.683174093653851579e-09
-1.606462234205972147e-09
-1.568591663756257261e-10
-7.847438368792419260e-11
-1.575131630964827774e-11
5.434212456440778260e-08
3.890445368393560609e-08
-4.133419163104813291e-09
-6.284534629631906031e-09
-1.505571232426127873e-09
-1.470346534442344523e-10
-7.355904342932467666e-11
-1.476424362629332493e-11
5.249023245407207880e-08
3.760863339863079944e-08
-3.833652598737267325e-09
-5.910042533547215468e-09
-1.411360305271475495e-09
-1.378589854272495187e-10
-6.896835952731821658e-11
-1.384241697295012302e-11
5.065934536751009730e-08
3.632349456135064356e-08
-3.555731576745800427e-09
-5.558104497812563320e-09
-1.323327041571713750e-09
-1.292832817428704021e-10
-6.467787087526869420e-11
-1.298091537410809022e-11
4.885124194928588375e-08
3.505074744328376366e-08
-3.298044318622889170e-09
-5.227219379390140618e-09
-1.241006736323095730e-09
-1.212623835304806614e-10
-6.066497932085458262e-11
-1.217519320318400980e-11
4.706738123884312732e-08
3.379183626543082009e-08
-3.059086335964136431e-09
-4.915976077529031317e-09
-1.163969947519946310e-09
-1.137545962145856420e-10
-5.690882043904442223e-11
-1.142105420134398804e-11
4.530893842503753869e-08
3.254796725091123044e-08
-2.837455777658518101e-09
-4.623050654726538843e-09
-1.091820077914884475e-09
-1.067214394825904991e-10
-5.339013894003361133e-11
-1.071462627877671465e-11
4.357683690133986352e-08
3.132013418988310959e-08
-2.631848378746176984e-09
-4.347202891814282010e-09
-1.024191032192340671e-09
-1.001274087511728575e-10
-5.009116869034184984e-11
-1.005233706859110103e-11
4.187177788327693555e-08
3.010914177357736707e-08
-2.441052130910666855e-09
-4.087272457616978154e-09
-9.607449679128973200e-10
-9.393974939272972049e-11
-4.699551981932697601e-11
-9.430891443367064087e-12
4.019426672482965889e-08
2.891562680819536385e-08
-2.263941954882521807e-09
-3.842174939089046115e-09
-9.011701600486814305e-10
-8.812824429322591562e-11
-4.408807231227953667e-11
-8.847249859355436361e-12
3.854463687372242122e-08
2.774007753308138672e-08
-2.099474257394468279e-09
-3.610897649778370692e-09
-8.451789795204948521e-10
-8.266501406910624979e-11
-4.135487631842470363e-11
-8.298608236115982755e-12
3.692307136797826229e-08
2.658285108606538593e-08
-1.946681711107319916e-09
-3.392495565861919730e-09
-7.925060077548967763e-10
-7.752433190147060172e-11
-3.878305886323745604e-11
-7.782379186267775679e-12
3.532962209446955614e-08
2.544418923534003782e-08
-1.804668073610252964e-09
-3.186087093342847134e-09
-7.429062633504056931e-10
-7.268245008568351057e-11
-3.636073761538406361e-11
-7.296174723141051626e-12
3.376422705855716114e-08
2.432423258360897080e-08
-1.672603277502532997e-09
-2.990850186582015350e-09
-6.961535653537878147e-10
-6.811744061245738742e-11
-3.407694062230816118e-11
-6.837789857766296588e-12
3.222672588792343930e-08
2.322303335520073476e-08
-1.549718699011388783e-09
-2.806018407749595115e-09
-6.520390035513223706e-10
-6.380904632260690360e-11
-3.192153224649832039e-11
-6.405187866914831830e-12
3.071687351760245711e-08
2.214056680698442896e-08
-1.435302690655600385e-09
-2.630877214959886309e-09
-6.103695326551525804e-10
-5.973854466607580636e-11
-2.988514470823269429e-11
-5.996486742031586366e-12
2.923435253904040081e-08
2.107674150264052204e-08
-1.328696321748420882e-09
-2.464760409287786783e-09
-5.709666714499128841e-10
-5.588862152659063467e-11
-2.795911486219633301e-11
-5.609945638455927001e-12
2.777878410487094812e-08
2.003140846947209417e-08
-1.229289422149236608e-09
-2.307046754489685738e-09
-5.336653009736974908e-10
-5.224325508087346507e-11
-2.613542646820790067e-11
-5.243954159445351715e-12
2.634973761960846542e-08
1.900436949171164659e-08
-1.136516820807008386e-09
-2.157156818919303753e-09
-4.983125618891158460e-10
-4.878760938892247157e-11
-2.440665638380368251e-11
-4.897021083320991750e-12
2.494673933828980634e-08
1.799538427617623064e-08
-1.049854859640403895e-09
-2.014549920159024121e-09
-4.647668394062247595e-10
-4.550793584279281620e-11
-2.276592579096752023e-11
-4.567764542819134150e-12
2.356928001226961046e-08
1.700417706864364742e-08
-9.688181383967907523e-10
-1.878721357724924264e-09
-4.328968300004832461e-10
-4.239148348807850684e-11
-2.120685495848649088e-11
-4.254903094485760134e-12
2.221682159516333506e-08
1.603044238902966339e-08
-8.929564742281396748e-10
-1.749199676329393827e-09
-4.025806840578334971e-10
-3.942641611674013440e-11
-1.972352187463531899e-11
-3.957247237500254805e-12
2.088880325195014476e-08
1.507385019956959650e-08
-8.218520578158979232e-10
-1.625544323217999519e-09
-3.737052191629475051e-10
-3.660173619988556688e-11
-1.831042422197686273e-11
-3.673691841159351024e-12
1.958464650884362730e-08
1.413405046039164644e-08
-7.551168591383415131e-10
-1.507343218869676884e-09
-3.461651984076401236e-10
-3.390721545520166953e-11
-1.696244450073253098e-11
-3.403209110785785198e-12
1.830375996692577803e-08
1.321067720732031646e-08
-6.923901639347286163e-10
-1.394210647664934775e-09
-3.198626650506388094e-10
-3.133333038698722108e-11
-1.567481793144015447e-11
-3.144842147043203507e-12
1.704554330363246530e-08
1.230335208478755872e-08
-6.333363395644708357e-10
-1.285785239848237230e-09
-2.947063355117081119e-10
-2.887120381127282040e-11
-1.444310307394309530e-11
-2.897699009989400916e-12
1.580939087082345384e-08
1.141168755921750389e-08
-5.776427385870719999e-10
-1.181728093123686266e-09
-2.706110377463698302e-10
-2.651255058176498081e-11
-1.326315479461458088e-11
-2.660947245683271452e-12
1.459469482278909850e-08
1.053528971644437315e-08
-5.250177526056967041e-10
-1.081721029618818734e-09
-2.474971985068624390e-10
-2.424962809173256126e-11
-1.213109927954424742e-11
-2.433809137284063061e-12
1.340084782586449497e-08
9.673760705997192737e-09
-4.751890170940485072e-10
-9.854649694395558104e-10
-2.252903681889439855e-10
-2.207519035900760627e-11
-1.104331131737850898e-11
-2.215556592970180481e-12
1.222724547540946034e-08
8.826700973269752017e-09
-4.279017582729851479e-10
-8.926784170747635023e-10
-2.039207873748363006e-10
-1.998244608810302810e-11
-9.996393131670709764e-12
-2.005507424924123679e-12
1.107328838266611617e-08
7.993711138511417565e-09
-3.829172331121474994e-10
-8.030960474327561815e-10
-1.833229842671362570e-10
-1.796501979810897587e-11
-8.987155027874552192e-12
-1.803021192014899412e-12
9.938383996045523490e-09
7.174393723960966464e-09
-3.400113137990432102e-10
-7.164673994082527810e-10
-1.634354043971412151e-10
-1.601691608831056161e-11
-8.012597445535585216e-12
-1.607495644334682272e-12
8.821948197917704709e-09
6.368354671332554627e-09
-2.989731433953467484e-10
-6.325556458371302230e-10
-1.442000705132979128e-10
-1.413248651340116410e-11
-7.069894440507094367e-12
-1.418363433985587046e-12
7.723406675195341270e-09
5.575204633445864537e-09
-2.596039053764236719e-10
-5.511364507112109524e-10
-1.255622642036022025e-10
-1.230639903689514195e-11
-6.156378382918732015e-12
-1.235088965717958107e-12
6.642196137512882806e-09
4.794560140345436247e-09
-2.217156723465493537e-10
-4.719968895135825669e-10
-1.074702347593234690e-10
-1.053360973119741994e-11
-5.269525750636982421e-12
-1.057165621762665828e-12
5.577765377124150634e-09
4.026044665918816388e-09
-1.851303327244481885e-10
-3.949344876574581035e-10
-8.987492645180440503e-11
-8.809336340057941347e-12
-4.406943980233835958e-12
-8.841130981107918071e-13
4.529576166835765412e-09
3.269289521523257979e-09
-1.496785862061916392e-10
-3.197562401972884086e-10
-7.272972667453514573e-11
-7.129033921369079605e-12
-3.566359216058168813e-12
-7.154748521907564014e-13
3.497104080102236451e-09
2.523934681012082934e-09
-1.151990043122610242e-10
-2.462777480525259370e-10
-5.599022904565014804e-11
-5.488371935713897617e-12
-2.745604884853406073e-12
-5.508161147283572680e-13
2.479839189989533994e-09
1.789629503318481939e-09
-8.153714401015787117e-11
-1.743224056627980961e-10
-3.961401415241928188e-11
-3.883212950742679404e-12
-1.942611010051267625e-12
-3.897209845020404747e-13
1.477286690043264558e-09
1.066033394655484667e-09
-4.854472539826567555e-11
-1.037206004344666927e-10
-2.356044254436790733e-11
-2.309592574717263294e-12
-1.155394199098026779e-12
-2.317916500816681398e-13
4.889674575881779849e-10
3.528163967094828829e-10
-1.607885340638368382e-11
-3.430898879701561002e-11
-7.790460688208382754e-12
-7.637006694156136693e-13
-3.820482230577408023e-13
-7.664532057720264902e-14
-4.855814579046222432e-10
-3.503402579837435057e-10
1.599874594216812264e-11
3.407021011711838013e-11
7.733582436219759525e-12
7.581364586986464770e-13
3.792648850942117664e-13
7.608694979273786719e-14
-1.446806376981933612e-09
-1.043743675953367521e-09
4.782241527421953107e-11
1.015698756710463850e-10
2.304810908669816785e-11
2.259472896628242512e-12
1.130323256572616429e-12
2.267621133750673147e-13
-2.395136578098570812e-09
-1.727688799867774028e-09
7.952325070515531880e-11
1.683386241972740371e-10
3.818847809827184176e-11
3.743759170758991000e-12
1.872853217695627933e-12
3.757267186494503295e-13
-3.330983903335699717e-09
-2.402457995640075518e-09
1.112297336612109789e-10
2.345214099740051849e-10
5.318914307706617746e-11
5.214357586593936961e-12
2.608536963641051200e-12
5.233184591876728282e-13
-4.254742392298141657e-09
-3.068320622151774995e-09
1.430683757276369761e-10
3.002601236365110406e-10
6.808380419129727594e-11
6.674556978039624660e-12
3.339019939897027251e-12
6.698676546133524885e-13
-5.166787925499372928e-09
-3.725532618578644949e-09
1.751643142092919089e-10
3.656941430873194860e-10
8.290555519457979004e-11
8.127586961519843853e-12
4.065917968215661060e-12
8.156986829698410664e-13
-6.067477854738917685e-09
-4.374336104355361948e-09
2.076419054836283617e-10
4.309609003219247421e-10
9.768702632233617058e-11
9.576631765807486088e-12
4.790824188660619189e-12
9.611313744311478839e-13
-6.957150664208620255e-09
-5.014958978394407922e-09
2.406252898627582080e-10
4.961964109527502857e-10
1.124605233964337564e-10
1.102484379575361731e-11
5.515315812367554950e-12
1.106482370547547584e-12
-7.836125613656502262e-09
-5.647614506632322456e-09
2.742389769297429998e-10
5.615357814843989001e-10
1.272581655576202635e-10
1.247535695480371582e-11
6.240960810078931366e-12
1.252066468384601766e-12
-8.704702340791313668e-09
-6.272500935064817180e-09
3.086083984788116886e-10
6.271137795129103577e-10
1.421120211970367333e-10
1.393129984266595308e-11
6.969324520097878709e-12
1.398197944021696584e-12
-9.563160506655487809e-09
-6.889801019777966447e-09
3.438604787158118262e-10
6.930653026791609908e-10
1.570542440849770500e-10
1.539580889069004725e-11
7.701976211895513230e-12
1.545191874625524345e-12
-1.041175936994303943e-08
-7.499681619860560589e-09
3.801241896149839534e-10
7.595259123091009857e-10
1.721172082608616812e-10
1.687204159636164101e-11
8.440495716671935685e-12
1.693365425629185227e-12
-1.125073737379832449e-08
-8.102293227983010097e-09
4.175311232891922298e-10
8.266323490205528000e-10
1.873336471609131307e-10
1.836318980559421089e-11
9.186480061491204256e-12
1.843039419140998802e-12
-1.208031168660219176e-08
-8.697769495801519574e-09
4.562160605918638352e-10
8.945230646685553806e-10
2.027367931537070304e-10
1.987249350913813552e-11
9.941550334105419166e-12
1.994539177182536675e-12
-1.290067773887681117e-08
-9.286226712529795130e-09
4.963175687694496517e-10
9.633387297377711656e-10
2.183605207477208147e-10
2.140325434536462989e-11
1.070735859797230055e-11
2.148196704582137709e-12
-1.371200871212571348e-08
-9.867763302963363036e-09
5.379785954240055277e-10
1.033222804325545115e-09
2.342394947526438222e-10
2.295885028318585711e-11
1.148559503416108487e-11
2.304351242043352399e-12
-1.451445501538235283e-08
-1.044245922527987791e-08
5.813470793493570836e-10
1.104322062184288532e-09
2.504093238489678985e-10
2.454275034397231832e-11
1.227799545007614402e-11
2.463351479734825491e-12
-1.530814370556018067e-08
-1.101037543144579993e-08
6.265765991788746320e-10
1.176787187649243400e-09
2.669067206998977102e-10
2.615853006903164839e-11
1.308634896417026716e-11
2.625556724443520402e-12
-1.609317793673995420e-08
-1.157155322617596423e-08
6.738270339958817988e-10
1.250773352079088739e-09
2.837696692677264943e-10
2.780988780340575653e-11
1.391250616111947662e-11
2.791338829548371977e-12
-1.686963629692249410e-08
-1.212601361576235660e-08
7.232652436650574010e-10
1.326440837847527610e-09
3.010376024860275727e-10
2.950066182958508624e-11
1.475838768284910709e-11
2.961083483704798954e-12
-1.763757220882116138e-08
-1.267375664292062854e-08
7.750658053419975339e-10
1.403955680728652408e-09
3.187515899569604596e-10
3.123484852741264502e-11
1.562599330884330637e-11
3.135192470886797055e-12
-1.839701324944299079e-08
-1.321476068965803479e-08
8.294117508728004221e-10
1.483490347440245051e-09
3.369545377917156433e-10
3.301662163682180365e-11
1.651741159757516215e-11
3.314085408477113967e-12
-1.914796042708850185e-08
-1.374898169176568040e-08
8.864953794188787208e-10
1.565224442398551869e-09
3.556914014785144873e-10
3.485035299159186230e-11
1.743483031219327686e-11
3.498201856418266873e-12
-1.989038753877739418e-08
-1.427635247326609315e-08
9.465190778025783568e-10
1.649345466124301054e-09
3.750094170236836273e-10
3.674063466865765667e-11
1.838054735963638893e-11
3.688003568446161654e-12
-2.062424040155388901e-08
-1.479678186653350330e-08
1.009696229357297100e-09
1.736049612318756350e-09
3.949583453060216391e-10
3.869230287753784492e-11
1.935698296315282107e-11
3.883976887452617249e-12
-2.134943616730725615e-08
-1.531015395809465519e-08
1.076252131384879696e-09
1.825542595638675007e-09
4.155907416783792384e-10
4.071046371291698133e-11
2.036669238160703495e-11
4.086635353388371890e-12
-2.206586260083435035e-08
-1.581632727467009605e-08
1.146424991730485784e-09
1.918040582427791874e-09
4.369622439437247176e-10
4.280052128800743593e-11
2.141238007045417576e-11
4.296522522181524029e-12
-2.277337733176562911e-08
-1.631513393535447579e-08
1.220467002492883414e-09
2.013771137140541134e-09
4.591318871242067580e-10
4.496820813462774864e-11
2.249691486729363332e-11
4.514215049408753366e-12
-2.347180721784145012e-08
-1.680637882398002557e-08
1.298645432874059065e-09
2.112974252760237292e-09
4.821624473191889807e-10
4.721961820362684979e-11
2.362334663465837124e-11
4.740325944922512906e-12
-2.416094768172204672e-08
-1.728983877921575324e-08
1.381243863013229039e-09
2.215903449869990817e-09
5.061208147103981914e-10
4.956124371966327090e-11
2.479492442087742640e-11
4.975508571358497757e-12
-2.484056209244743231e-08
-1.776526174695142964e-08
1.468563418628851021e-09
2.322826996278130826e-09
5.310784062375794684e-10
5.200001438225085278e-11
2.601511644491563530e-11
5.220460163867462278e-12
-2.551038123429290696e-08
-1.823236605826512826e-08
1.560924163948166301e-09
2.434029109268369176e-09
5.571116133502945716e-10
5.454334139983092851e-11
2.728763193367620618e-11
5.475926472688905087e-12
-2.617010283770298010e-08
-1.869083955545171851e-08
1.658666529329168591e-09
2.549811397330976373e-09
5.843022978396834627e-10
5.719916577571325031e-11
2.861644530528611408e-11
5.742706814648041892e-12
-2.681939124759809906e-08
-1.914033901942779272e-08
1.762152866602644656e-09
2.670494296827654067e-09
6.127383359352200396e-10
5.997601090704966327e-11
3.000582257141202467e-11
6.021659159502862847e-12
-2.745787709095839210e-08
-1.958048941209803374e-08
1.871769100982090616e-09
2.796418668322898977e-09
6.425142182433965299e-10
6.288304169048919523e-11
3.146035091338840233e-11
6.313706151444796110e-12
-2.808515727867214238e-08
-2.001088336041046641e-08
1.987926473980403831e-09
2.927947507255543642e-09
6.737317117022094629e-10
6.593012929003119963e-11
3.298497106275761058e-11
6.619841673630906580e-12
-2.870079495104338249e-08
-2.043108062719204591e-08
2.111063444123046162e-09
3.065467781427206881e-09
7.065005904781648146e-10
6.912792277480813786e-11
3.458501325472696453e-11
6.941138082156960678e-12
-2.930431976458714886e-08
-2.084060782738459357e-08
2.241647644859632995e-09
3.209392413672755954e-09
7.409394435247377873e-10
7.248792926491063984e-11
3.626623737872534811e-11
7.278754291150829398e-12
-2.989522829729514818e-08
-2.123895805323154302e-08
2.380178017101963019e-09
3.360162408490049919e-09
7.771765671292062197e-10
7.602260219332343357e-11
3.803487705559815755e-11
7.633944703769316215e-12
-3.047298470909316774e-08
-2.162559081168529578e-08
2.527187044973050668e-09
3.518249125669030767e-09
8.153509509200493946e-10
7.974543981262357123e-11
3.989768916644785127e-11
8.008069272604649141e-12
-3.103702153858903485e-08
-2.199993207358259250e-08
2.683243098377888982e-09
3.684156715863439424e-09
8.556133667418726976e-10
8.367109482313562681e-11
4.186200852613329562e-11
8.402604131165784616e-12
-3.158674090826731487e-08
-2.236137448818738055e-08
2.848952910536113650e-09
3.858424714638441850e-09
8.981275697344441181e-10
8.781549575766375037e-11
4.393580900229472483e-11
8.819154756092425888e-12
-3.212151585637461782e-08
-2.270927766917518651e-08
3.024964151026355721e-09
4.041630765577727163e-09
9.430716198973790538e-10
9.219598250240065235e-11
4.612777114536457770e-11
9.259468890883391342e-12
-3.264069184773837849e-08
-2.304296879948918942e-08
3.211968058201011689e-09
4.234393500295050128e-09
9.906393335506110685e-10
9.683145619349022801e-11
4.844735753549748768e-11
9.725451820547363268e-12
-3.314358862723079246e-08
-2.336174332946719453e-08
3.410702117858537913e-09
4.437375519132043243e-09
1.041041870304603482e-09
1.017425458116745995e-10
5.090489614548074791e-11
1.021918385569324857e-11
-3.362950209752290424e-08
-2.366486583924169051e-08
3.621952770374051510e-09
4.651286421709112878e-09
1.094509458427634347e-09
1.069517921813551909e-10
5.351167259044548293e-11
1.074293832061627284e-11
-3.409770638479473724e-08
-2.395157102396205310e-08
3.846557944134129925e-09
4.876885865698884263e-09
1.151293259633220369e-09
1.124838505648522059e-10
5.628003201100978445e-11
1.129920236548969116e-11
-3.454745579919327519e-08
-2.422106479696958721e-08
4.085409484748720666e-09
5.114986513559705073e-09
1.211667362209621349e-09
1.183657126295466726e-10
5.922348991477682399e-11
1.189069954942653640e-11
-3.497798670253855576e-08
-2.447252542847628593e-08
4.339455181039004051e-09
5.366456754103130884e-09
1.275930885766620518e-09
1.246269475494172294e-10
6.235685420933335512e-11
1.252041426743085150e-11
-3.538851899577969372e-08
-2.470510469428654819e-08
4.609700228993548158e-09
5.632223028047280384e-09
1.344410162976346393e-09
1.312999614805458707e-10
6.569635443789683283e-11
1.319161816174489238e-11
-3.577825714133026333e-08
-2.491792881806245382e-08
4.897207880268583429e-09
5.913271457077756269e-09
1.417460941085633023e-09
1.384202722383783312e-10
6.925978067246311334e-11
1.390789784820052847e-11
-3.614639011699709101e-08
-2.511009940480197183e-08
5.203098864268557440e-09
6.210648485760785333e-09
1.495470522607089085e-09
1.460267940969624566e-10
7.306662670365455559e-11
1.467318438138508145e-11
-3.649209042434577417e-08
-2.528069390642188937e-08
5.528549049333919851e-09
6.525459961569917409e-09
1.578859713979600271e-09
1.541621237489881129e-10
7.713823435443588676e-11
1.549178152432289100e-11
-3.681451126849440488e-08
-2.542876585890414722e-08
5.874784718147452286e-09
6.858868168148783262e-09
1.668084406981706756e-09
1.628728132239039017e-10
8.149793094595805869e-11
1.636839403224314583e-11
-3.711278183804505008e-08
-2.555334446108582034e-08
6.243074531680200845e-09
7.212085817051713283e-09
1.763636540748411114e-09
1.722096086794715382e-10
8.617115081500716635e-11
1.730815183971401936e-11
-3.738599969321219192e-08
-2.565343380861164249e-08
6.634717034495880301e-09
7.586366073786575387e-09
1.866044096719974889e-09
1.822276238116904454e-10
9.118552359733324548e-11
1.831662678109108321e-11
-3.763322022476450138e-08
-2.572801146027916337e-08
7.051022241027071669e-09
7.982987088982641071e-09
1.975869657799753603e-09
1.929864037786721260e-10
9.657090813825817592e-11
1.939983894851937706e-11
-3.785344220039661016e-08
-2.577602673345042518e-08
7.493285430528729704e-09
8.403229361615755245e-09
2.093706931552238721e-09
2.045498184659387082e-10
1.023593403026622999e-10
2.056424473849869411e-11
-3.804558878206936133e-08
-2.579639853798954132e-08
7.962750811555964494e-09
8.848343675087480144e-09
2.220174408395973745e-09
2.169857021890135671e-10
1.085848557957606410e-10
2.181669982396858254e-11
-3.820848389580528851e-08
-2.578801356247739673e-08
8.460562183974664245e-09
9.319506895063047014e-09
2.355905168149514020e-09
2.303651301790301847e-10
1.152831264289302640e-10
2.316438014576527226e-11
-3.834082275306381537e-08
-2.574972510911187985e-08
8.987697339835999484e-09
9.817762393120942024e-09
2.501531531804411929e-09
2.447611910499590328e-10
1.224908470063344065e-10
2.461465791116573955e-11
-3.844113701163966263e-08
-2.568035308082043848e-08
9.544882033421867908e-09
1.034394120966284198e-08
2.657663037700698045e-09
2.602470780643876737e-10
1.302447782529611237e-10
2.617490088149881352e-11
-3.850775311750641954e-08
-2.557868653274020034e-08
1.013247922883963375e-08
1.089855962767913991e-08
2.824855916561317266e-09
2.768932850223361668e-10
1.385803362752352899e-10
2.785218312120103284e-11
-3.853874490353545425e-08
-2.544348926794628843e-08
1.075034902837830106e-08
1.148168858119563680e-08
3.003571996851625288e-09
2.947636537475781599e-10
1.475296098957907794e-10
2.965287560536149539e-11
-3.853187892376760551e-08
-2.527350884396806494e-08
1.139767454798215762e-08
1.209278974778798617e-08
3.194124819498152515e-09
3.139100129716253068e-10
1.571186564064012495e-10
3.158209649239666011e-11
-3.848455270984015201e-08
-2.506748950841962092e-08
1.207274980720685539e-08
1.273051476747273127e-08
3.396610688717849673e-09
3.343650608037164674e-10
1.673639344739658448e-10
3.364298034419467470e-11
-3.839372444819803855e-08
-2.482418847714554231e-08
1.277272729001884041e-08
1.339246337494554518e-08
3.610822755712207591e-09
3.561333127714666779e-10
1.782677456674761593e-10
3.583575480493558092e-11
-3.825583190398110077e-08
-2.454239181208508375e-08
1.349332526825958428e-08
1.407490017876844577e-08
3.836146588030627865e-09
3.791797992880616899e-10
1.898125509287807259e-10
3.815658942739080275e-11
-3.806669719646934376e-08
-2.422092566449358995e-08
1.422849922932050412e-08
1.477243210641184945e-08
4.071437032362484449e-09
4.034164725904607728e-10
2.019541457055267912e-10
4.059622443085389398e-11
-3.782141158250770804e-08
-2.385865392676894696e-08
1.497008735809417564e-08
1.547765399869087443e-08
4.314877645091082560e-09
4.286863834741029440e-10
2.146137165781762380e-10
4.313837744546160041e-11
-3.751419300657426567e-08
-2.345445184342756569e-08
1.570744741522725685e-08
1.618077626346594459e-08
4.563826589347339458e-09
4.547459992614470059e-10
2.276689688565527099e-10
4.575797778597536073e-11
-3.713820671385545010e-08
-2.300713669625281662e-08
1.642711163019766884e-08
1.686925718456124592e-08
4.814655833091226302e-09
4.812463782911949585e-10
2.409447091297582666e-10
4.841930030036383593e-11
-3.668533977420216872e-08
-2.251534174745676607e-08
1.711249527525529766e-08
1.752747118301546081e-08
5.062594448610616324e-09
5.077143674874374673e-10
2.542034345335946873e-10
5.107412331161216496e-11
-3.614592208058008375e-08
-2.197731235756830390e-08
1.774370482628783143e-08
1.813645510346546546e-08
5.301590866480942931e-09
5.335354998138423960e-10
2.671368127583551686e-10
5.366007620396712340e-11
-3.550839315933782833e-08
-2.139061196174431760e-08
1.829749837914260616e-08
1.867378207616514536e-08
5.524212986395312921e-09
5.579407236339934837e-10
2.793591043226750969e-10
5.609938720570883923e-11
-3.475892763052074496e-08
-2.075173609851369182e-08
1.874745337729544860e-08
1.911361836574608265e-08
5.721608930609576323e-09
5.799995630875104357e-10
2.904038060670120599e-10
5.829830433040032392e-11
-3.388105050143386332e-08
-2.005564718362314183e-08
1.906439330362914821e-08
1.942701897520274845e-08
5.883551209105781184e-09
5.986225120455964176e-10
2.997249771646186586e-10
6.014743885670787272e-11
-3.285530270336543488e-08
-1.929527706338809179e-08
1.921711153832845603e-08
1.958251012120386021e-08
5.998590181978660733e-09
6.125754228253613578e-10
3.067045165805975880e-10
6.152330721211015106e-11
-3.165903986635113006e-08
-1.846106370047842915e-08
1.917340647136623112e-08
1.954698927646739433e-08
6.054332467421307206e-09
6.205082257513630092e-10
3.106666533480844504e-10
6.229129326099918932e-11
-3.026648680128662071e-08
-1.754062898645016505e-08
1.890141116798744891e-08
1.928694931477121696e-08
6.037857409008166517e-09
6.209993253041323061e-10
3.109002941415197030e-10
6.231014435508951648e-11
-2.864917129393991005e-08
-1.651872038715227449e-08
1.837116148442860263e-08
1.876999714106649926e-08
5.936269746470685994e-09
6.126160494610329793e-10
3.066891933950574755e-10
6.143800039703559710e-11
-2.677685854575961334e-08
-1.537754123361430378e-08
1.755630915415504431e-08
1.796660160120423939e-08
5.737372287026301492e-09
5.939892484726160675e-10
2.973492958799430254e-10
5.953977928027774649e-11
-2.461907076090270916e-08
-1.409756630196020361e-08
1.643585675599511282e-08
1.685196805159018676e-08
5.430426087365581937e-09
5.638985601401200352e-10
2.822713489093363728e-10
5.649557166185637383e-11
-2.214718571903052185e-08
-1.265887438285946020e-08
1.499577604356470324e-08
1.540790941004794716e-08
5.006950930337151548e-09
5.213634397497689387e-10
2.609662353880256263e-10
5.220951600180869339e-11
-1.933700264175702085e-08
-1.104293354037129128e-08
1.323037711699728884e-08
1.362456930494468678e-08
4.461505606466181769e-09
4.657328266904156235e-10
2.331095688210099416e-10
4.661850981650587428e-11
-1.617153351790261971e-08
-9.234661697123584638e-09
1.114332177252044390e-08
1.150185594337678859e-08
3.792383141198346497e-09
3.967660352516716488e-10
1.985820460494124668e-10
3.970001821105345304e-11
-1.264366352927507417e-08
-7.224481058283399248e-09
8.748215403679690612e-09
9.050464383149135593e-09
3.002155158529597797e-09
3.146971574028480120e-10
1.575013582042975016e-10
3.147827309869996197e-11
-8.758262608511659458e-09
-5.010022250788679829e-09
6.068756672114240862e-09
6.292396891622921234e-09
2.098007809204695042e-09
2.202762470998760353e-10
1.102426638119074120e-10
2.202818989702584223e-11
-4.533346471685681650e-09
-2.597141043797179704e-09
3.138461864183044447e-09
3.260928402916857355e-09
1.091825943717445472e-09
1.147815852991002706e-10
5.744469834844383137e-11
1.147653539144046473e-11
-2.608656917494904237e-23
-1.840719558987949901e-23
1.991459985721988311e-23
1.999361704908007497e-23
7.893924583132452781e-24
8.944722581689795614e-24
-4.353293793996827912e-20
6.148060168658128952e-24
