-1.221722155893604052e-27
1.324239680861317188e-27
1.522964999378633353e-26
4.758029934658748672e-27
1.289888646553631674e-23
-1.497828581418806115e-28
-2.865758058907031437e-28
-1.524862498763168222e-27
-1.783676643428051663e-12
-1.720770178113995781e-12
-1.643936352857178038e-12
-1.604099751449919637e-12
-3.267929711421595140e-09
4.085190206308709580e-14
7.354255340313959939e-13
9.548951507506463400e-13
-4.417919408387112475e-12
-4.261188109319398923e-12
-4.072490612155247941e-12
-3.976543314062664368e-12
-6.467070552280976442e-09
-6.976115635059388529e-14
1.611377100248896231e-12
2.294952679757754223e-12
-7.845899562825880152e-12
-7.564708137918060757e-12
-7.232075908355698793e-12
-7.067170293242924182e-12
-9.530714105091143773e-09
-4.879779258361827857e-13
2.407046242402240034e-12
3.904626108277742463e-12
-1.198730508233663778e-11
-1.155173713304237515e-11
-1.104676514761948751e-11
-1.080401915295570470e-11
-1.239877888486076975e-08
-1.382977632001755994e-12
2.869377489344026107e-12
5.626455227662178928e-12
-1.674435058841707003e-11
-1.612585506789718678e-11
-1.542432959885411427e-11
-1.509895311234343605e-11
-1.502043119689874766e-08
-2.915559746107326817e-12
2.741172551159525040e-12
7.268777149904373017e-12
-2.200835068339411779e-11
-2.118058959213192516e-11
-2.026284600974169431e-11
-1.985387447580342770e-11
-1.735596466079823361e-08
-5.216953953926440735e-12
1.790792353110508316e-12
8.618524563114684984e-12
-2.766592565103301464e-11
-2.660576132228323582e-11
-2.545690006914544822e-11
-2.496661413533487367e-11
-1.937783578515345182e-08
-8.371019570610506874e-12
-1.606502437569872795e-13
9.458626271600205214e-12
-3.360414147942951288e-11
-3.229266098544258130e-11
-3.090264545265343223e-11
-3.033579086478084555e-11
-2.107084512036708172e-08
-1.240230838566091150e-11
-3.218249462482647420e-12
9.588643782171378820e-12
-3.971423200661686778e-11
-3.813768596438544686e-11
-3.650133881637932699e-11
-3.586427463527951651e-11
-2.243153880038360056e-08
-1.727139254195597857e-11
-7.400999444255772023e-12
8.846456456843501307e-12
-4.589390664184016130e-11
-4.404443880163147219e-11
-4.216134037284038851e-11
-4.146122987995701367e-11
-2.346697177463269854e-08
-2.287761774263970079e-11
-1.263939139036707497e-11
7.128247840363664554e-12
-5.204850623384821224e-11
-4.992457940515559801e-11
-4.779886568147026915e-11
-4.704299244663639309e-11
-2.419301560949242559e-08
-2.906832973137906889e-11
-1.878259627573344004e-11
4.403926864634813820e-12
-5.809141299573910671e-11
-5.569787516094442848e-11
-5.333792544897082222e-11
-5.253318768308281243e-11
-2.463240824698375579e-08
-3.565280049245685477e-11
-2.561362339264710148e-11
7.255154220012344107e-13
-6.394411212581690776e-11
-6.129189881267147630e-11
-5.870991282199233960e-11
-5.786250190991408373e-11
-2.481273461080257184e-08
-4.241867412412477525e-11
-3.286995656064418703e-11
-3.773083234962786004e-12
-6.953622074877508523e-11
-6.664172635213559791e-11
-6.385319815933939007e-11
-6.296845003518602763e-11
-2.476449631058423616e-08
-4.914874320096834202e-11
-4.026675223364166120e-11
-8.885302443313891349e-12
-7.480564100483997158e-11
-7.168983850118854923e-11
-6.871294746715391129e-11
-6.779532881379762403e-11
-2.451939071812340135e-08
-5.563619267760854130e-11
-4.751976436425233079e-11
-1.434915962034551730e-11
-7.969887451343610131e-11
-7.638627116001633819e-11
-7.324122035991236277e-11
-7.229441100313069453e-11
-2.410887471114098377e-08
-6.169697585591200356e-11
-5.436561758934564124e-11
-1.987040284183836385e-11
-8.417141691923645253e-11
-8.068895004920217243e-11
-7.739729100692786286e-11
-7.642432165959542252e-11
-2.356304622432236791e-08
-6.717858481255540439e-11
-6.057775257678478910e-11
-2.514861987674754895e-11
-8.818812623213629517e-11
-8.456407928809653745e-11
-8.114806024656344140e-11
-8.015147116028650167e-11
-2.290984364000079786e-08
-7.196504689477567430e-11
-6.597716402835458074e-11
-2.990306919501682738e-11
-9.172342967671129217e-11
-8.798644473899288446e-11
-8.446841422990958670e-11
-8.345041231147370813e-11
-2.217453471581529026e-08
-7.597842603745586412e-11
-7.043779837135115535e-11
-3.389521660630154460e-11
-9.476128682431153349e-11
-9.093951727280991480e-11
-8.734141074583117849e-11
-8.630400943674699099e-11
-2.137945354736548323e-08
-7.917741678107852769e-11
-7.388708543842637216e-11
-3.694563025078755521e-11
-9.729486121973798584e-11
-9.341528967480926510e-11
-8.975821068369239260e-11
-8.870334078312294754e-11
-2.054393548459169263e-08
-8.155376953666860664e-11
-7.630248682729644173e-11
-3.894384421542276898e-11
-9.932590680851209903e-11
-9.541383498234905830e-11
-9.171773511189728273e-11
-9.064732921506213296e-11
-1.968439849729565119e-08
-8.312731932921873509e-11
-7.770516116333724282e-11
-3.985085200473568405e-11
-1.008639095202886848e-10
-9.694260856018887335e-11
-9.322606281665990817e-11
-9.214211067133177936e-11
-1.881452594057226554e-08
-8.394031810427847139e-11
-7.815187552295357359e-11
-3.969485510218788823e-11
-1.019250499342068709e-10
-9.801555249292158543e-11
-9.429562037891827323e-11
-9.320020010341025352e-11
-1.794551116531801467e-08
-8.405165474325665919e-11
-7.772618976468400551e-11
-3.856162176742245412e-11
-1.025310622015963871e-10
-9.865207253180336986e-11
-9.494423070025703349e-11
-9.383952061524811527e-11
-1.708633305000716609e-08
-8.353140509606333902e-11
-7.652975535759582729e-11
-3.658124354146237180e-11
-1.027080619545545219e-10
-9.887595883645799075e-11
-9.519408987314393542e-11
-9.408236393933209968e-11
-1.624403946107184880e-08
-8.245597646092133124e-11
-7.467436274529060759e-11
-3.391318898657973919e-11
-1.024854049899043026e-10
-9.871431289601249116e-11
-9.507073846880828331e-11
-9.395435069767327363e-11
-1.542402259646531854e-08
-8.090403299106587571e-11
-7.227510080856850278e-11
-3.073139944072342649e-11
-1.018946238437512984e-10
-9.819653338092555411e-11
-9.460207700501750171e-11
-9.348343850586154490e-11
-1.463027603221170803e-08
-7.895325313543966479e-11
-6.944485982188010547e-11
-2.721082803087826002e-11
-1.009684770295395060e-10
-9.735339480559388663e-11
-9.381746553648269058e-11
-9.269901716271992799e-11
-1.386562775896591605e-08
-7.667786796471137401e-11
-6.629018262816209425e-11
-2.351637505859292949e-11
-9.974012597575683989e-11
-9.621624291889092227e-11
-9.274693082118563530e-11
-9.163111428498739382e-11
-1.313194674382780339e-08
-7.414695091747308350e-11
-6.290840384242692906e-11
-1.979471902120074948e-11
-9.824244939289930082e-11
-9.481631520343982501e-11
-9.142049322220910775e-11
-9.030972194919977923e-11
-1.243032278293357631e-08
-7.142331718721464353e-11
-5.938590433495606349e-11
-1.616912533823190330e-11
-9.650749036980705159e-11
-9.318418769392897785e-11
-8.986761478379975994e-11
-8.876424693037215093e-11
-1.176122083561665296e-08
-6.856296225930504133e-11
-5.579731366747781173e-11
-1.273700373048038264e-11
-9.456602848453427622e-11
-9.134934116008549256e-11
-8.811676351010796397e-11
-8.702307763674485544e-11
-1.112461186039083759e-08
-6.561488748641766919e-11
-5.220542580815815525e-11
-9.569774282404384842e-12
-9.244726396085489113e-11
-8.933983663569172017e-11
-8.619508564988934715e-11
-8.511325952148290326e-11
-1.052008255314791845e-08
-6.262123231741360254e-11
-4.866166501093469573e-11
-6.714493843671774882e-12
-9.017860192214533405e-11
-8.718208554480986818e-11
-8.412817096657008558e-11
-8.306026432218050824e-11
-9.946926524349731635e-09
-5.961762397744652807e-11
-4.520691201137376495e-11
-4.196676093237853843e-12
-8.778550991710401173e-11
-8.490070344649242088e-11
-8.193990004233122377e-11
-8.088784085876261228e-11
-9.404219386043770482e-09
-5.663366418975412536e-11
-4.187255901978107164e-11
-2.023789299066746199e-12
-8.529146280700490284e-11
-8.251842974756230163e-11
-7.965235829315665595e-11
-7.861793283135697392e-11
-8.890880050669737356e-09
-5.369349786167852902e-11
-3.868167039827170682e-11
-1.889920863152844303e-13
-8.271792041730712705e-11
-8.005610315049427953e-11
-7.728580566718029510e-11
-7.627065151767981268e-11
-8.405720340760272111e-09
-5.081640926952732252e-11
-3.565016975433282093e-11
1.325221674061351387e-12
-8.008436268237585501e-11
-7.753268065034756848e-11
-7.485868856856619279e-11
-7.386429121115335399e-11
-7.947484773218230020e-09
-4.801743029091874501e-11
-3.278798643859663983e-11
2.543699599680053089e-12
-7.740835208825873609e-11
-7.496528878249872753e-11
-7.238768580801329613e-11
-7.141537751761095428e-11
-7.514882098293566363e-09
-4.530791982485221918e-11
-3.010012477623131965e-11
3.495763944857409143e-12
-7.470561881859494001e-11
-7.236929980693421075e-11
-6.988777881390812538e-11
-6.893873938280971265e-11
-7.106610129142569071e-09
-4.269610096730135325e-11
-2.758763209409683692e-11
4.212860407656089827e-12
-7.199016496123535668e-11
-6.975842442078036193e-11
-6.737233903534005928e-11
-6.644759957212017259e-11
-6.721374841137086285e-09
-4.018755871720524216e-11
-2.524844986558889258e-11
4.726726886811686185e-12
-6.927437528150387883e-11
-6.714481531822901654e-11
-6.485322649852756592e-11
-6.395367344078432469e-11
-6.357904977386390910e-09
-3.778568994616708525e-11
-2.307815089467776634e-11
5.068042498507224257e-12
-6.656913623289186271e-11
-6.453917758120355598e-11
-6.234089522218011254e-11
-6.146727618668506110e-11
-6.014962888915258847e-09
-3.549208690571391599e-11
-2.107055709006157981e-11
5.265499911427742574e-12
-6.388395492665652394e-11
-6.195088063817716510e-11
-5.984450113747080428e-11
-5.899743160663985015e-11
-5.691352363349668681e-09
-3.330688926988935591e-11
-1.921826409782613915e-11
5.345228378423049984e-12
-6.122707712276549761e-11
-5.938807045945991260e-11
-5.737201004414589421e-11
-5.655198041298200573e-11
-5.385924038531921662e-09
-3.122907190026423475e-11
-1.751306069289620410e-11
5.330496346399464415e-12
-5.860560236075622487e-11
-5.685777862549901377e-11
-5.493030302831616792e-11
-5.413768643854716146e-11
-5.097578890481655180e-09
-2.925670053109416777e-11
-1.594626934406032348e-11
5.241626182759889131e-12
-5.602559365898654860e-11
-5.436602748164234159e-11
-5.252527829544057718e-11
-5.176033820422645240e-11
-4.825270205430573367e-09
-2.738714167965444567e-11
-1.450901563278056081e-11
5.096060907583484128e-12
-5.349218156380918747e-11
-5.191792960085158291e-11
-5.016194751634194912e-11
-4.942484568244438853e-11
-4.568004363163444231e-09
-2.561724346936194703e-11
-1.319243515898886055e-11
4.908534382608070817e-12
-5.100966160043842378e-11
-4.951778183628852949e-11
-4.784452725305864322e-11
-4.713533144970888703e-11
-4.324840711862024284e-09
-2.394348095255196025e-11
-1.198783023119770158e-11
4.691303647713031500e-12
-4.858158503157488544e-11
-4.716915245505347639e-11
-4.557652334244774778e-11
-4.489521502459927721e-11
-4.094890743467095794e-09
-2.236207598686467609e-11
-1.088678423149106216e-11
4.454414134462986757e-12
-4.621084235618372879e-11
-4.487496205359787623e-11
-4.336080973778469104e-11
-4.270729131003411827e-11
-3.877316758306149635e-09
-2.086909950283264297e-11
-9.881243112989752910e-12
4.205974419509267414e-12
-4.389974018630339177e-11
-4.263755805009842643e-11
-4.119970077119898540e-11
-4.057380267058978374e-11
-3.671330152858100533e-09
-1.946054687671771135e-11
-8.963566538765629922e-12
3.952425358741976003e-12
-4.165007132202332717e-11
-4.045878241501756415e-11
-3.909501732034598261e-11
-3.849650467992584971e-11
-3.476189448751830362e-09
-1.813240280629395646e-11
-8.126562513158454645e-12
3.698792839638324747e-12
-3.946317856768490162e-11
-3.834003373653849694e-11
-3.704814705751599461e-11
-3.647672609716801791e-11
-3.291198151557312051e-09
-1.688069071602873961e-11
-7.363500834857981443e-12
3.448918766781176155e-12
-3.734001243714420080e-11
-3.628232341598957570e-11
-3.506009920006446714e-11
-3.451542302121505829e-11
-3.115702509598700893e-09
-1.570150986748629333e-11
-6.668115815848617427e-12
3.205666630071379795e-12
-3.528118293382927759e-11
-3.428632624260821957e-11
-3.313155384323977913e-11
-3.261322792886983442e-11
-2.949089229375962001e-09
-1.459106577816078670e-11
-6.034599529396028629e-12
2.971101423431004932e-12
-3.328700655023084274e-11
-3.235242612315887114e-11
-3.126290651619016512e-11
-3.077049405754236853e-11
-2.790783192730918695e-09
-1.354569004272198458e-11
-5.457587563877326986e-12
2.746644153004479191e-12
-3.135754822495062563e-11
-3.048075697265937870e-11
-2.945430801656569207e-11
-2.898733437841185662e-11
-2.640245160606026643e-09
-1.256185667024005182e-11
-4.932140746076646866e-12
2.533203581293560266e-12
-2.949265857473386802e-11
-2.867123943195754557e-11
-2.770570027956507160e-11
-2.726365749536768148e-11
-2.496969643861137611e-09
-1.163619020064127423e-11
-4.453722294878432724e-12
2.331285739077694970e-12
-2.769200756934148671e-11
-2.692361356992036652e-11
-2.601684818927398851e-11
-2.559919888111526344e-11
-2.360482687926087691e-09
-1.076547339985135600e-11
-4.018176155814304980e-12
2.141085374323266773e-12
-2.595511396041488439e-11
-2.523746805579358794e-11
-2.438736807947637131e-11
-2.399354910573545668e-11
-2.230339856356205885e-09
-9.946648949682527062e-12
-3.621699343309316329e-12
1.962560488451195453e-12
-2.428137189006170873e-11
-2.361226594525058176e-11
-2.281675304808031719e-11
-2.244617869605433075e-11
-2.106124264456101075e-09
-9.176819778025073353e-12
-3.260820375293494473e-12
1.795493300122868373e-12
-2.267007403372433941e-11
-2.204736781208619113e-11
-2.130439516913870967e-11
-2.095646021783661496e-11
-1.987444675567835663e-09
-8.453247975605706836e-12
-2.932372348245125928e-12
1.639538708340763177e-12
-2.112043232665756376e-11
-2.054205178489664766e-11
-1.984960550048689242e-11
-1.952368784959543311e-11
-1.873933769037409510e-09
-7.773350806992868424e-12
-2.633470450711561870e-12
1.494263381804394046e-12
-1.963159608605908070e-11
-1.909553175864335696e-11
-1.845163147356386325e-11
-1.814709453585024983e-11
-1.765246429714851300e-09
-7.134696746754439761e-12
-2.361488723893841759e-12
1.359176060352797275e-12
-1.820266808258132572e-11
-1.770697298120479580e-11
-1.710967238941970516e-11
-1.682586717942210883e-11
-1.661058165912890632e-09
-6.535000659099943463e-12
-2.114039041549100390e-12
1.233751645381019433e-12
-1.683271847747589831e-11
-1.637550600164275452e-11
-1.582289289718413775e-11
-1.555915998583274730e-11
-1.561063605649704272e-09
-5.972118022667767770e-12
-1.888950693399965418e-12
1.117449224109799985e-12
-1.552079719882428217e-11
-1.510023884525897436e-11
-1.459043496246351691e-11
-1.434610607577766721e-11
-1.464975101297130798e-09
-5.444038848918956160e-12
-1.684251806421337307e-12
1.009726039959985174e-12
-1.426594474044307147e-11
-1.388026776510543688e-11
-1.341142822482556195e-11
-1.318582775195120000e-11
-1.372521393747124577e-09
-4.948881800993262608e-12
-1.498151307100443633e-12
9.100477911366059396e-13
-1.306720146372104574e-11
-1.271468639239394801e-11
-1.228499918728401801e-11
-1.207744541101494602e-11
-1.283446371192377244e-09
-4.484887666678740104e-12
-1.329023357782971909e-12
8.178960128162038234e-13
-1.192361586231618867e-11
-1.160259407788955319e-11
-1.121027913550508682e-11
-1.102008530136313091e-11
-1.197507896702937784e-09
-4.050414211071466668e-12
-1.175392193572844365e-12
7.327733890036774865e-13
-1.083425165185879918e-11
-1.054310282088506907e-11
-1.018641104981932749e-11
-1.001288634376844301e-11
-1.114476710795117321e-09
-3.643928845423689850e-12
-1.035918512790547839e-12
6.542071779443495734e-13
-9.798193882379491190e-12
-9.535343498120545927e-12
-9.212555640072953759e-12
-9.055005901133345544e-12
-1.034135401375637848e-09
-3.264003862743185884e-12
-9.093871155948683674e-13
5.817514727690940528e-13
-8.814554428026233373e-12
-8.578471168298704280e-12
-8.287896524682929180e-12
-8.145624924791916614e-12
-9.562774205319782721e-10
-2.909310287433217701e-12
-7.946953585887965169e-13
5.149882711951246054e-13
-7.882476369680319167e-12
-7.671669711617566308e-12
-7.411644789387123759e-12
-7.283952353715716335e-12
-8.807061833279624582e-10
-2.578612769913822764e-12
-6.908429336213704965e-13
4.535279217616423278e-13
-7.001138194864204774e-12
-6.814155772465588176e-12
-6.583042830870503436e-12
-6.469228817832132257e-12
-8.072341953181094544e-10
-2.270764313085879320e-12
-5.969223525455130181e-13
3.970089484188121406e-13
-6.169757073334265126e-12
-6.005182217358425264e-12
-5.801367737274417441e-12
-5.700729937646606100e-12
-7.356822400060440408e-10
-1.984701475653038351e-12
-5.121104471659472312e-13
3.450974888074558705e-13
-5.387591616460784514e-12
-5.244041011648463318e-12
-5.065934128343240642e-12
-4.977769076290921949e-12
-6.658786122819534869e-10
-1.719439816837430680e-12
-4.356605183100112828e-13
2.974864419437556559e-13
-4.653944866027191269e-12
-4.530065823357707529e-12
-4.376096623723750761e-12
-4.299699728707100578e-12
-5.976583803155264963e-10
-1.474069657539875076e-12
-3.668954195421427308e-13
2.538944635325646440e-13
-3.968165802094843426e-12
-3.862634073468487617e-12
-3.731251942879694915e-12
-3.665917498126799384e-12
-5.308626993365185314e-10
-1.247751980913626017e-12
-3.052011497454697093e-13
2.140648558773464755e-13
-3.329651555815247061e-12
-3.241168815137928787e-12
-3.130840685340942692e-12
-3.075861866890303154e-12
-4.653381418467475687e-10
-1.039714796570127865e-12
-2.500211115592463533e-13
1.777643847912322692e-13
-2.737848711737057712e-12
-2.665140238810072970e-12
-2.574348798365621513e-12
-2.529017554820605714e-12
-4.009360690398919607e-10
-8.492496018090495659e-13
-2.008509255424488053e-13
1.447821344984068355e-13
-2.192254682075540943e-12
-2.134066980186645679e-12
-2.061308877182453023e-12
-2.024915761881303835e-12
-3.375120216693092148e-10
-6.757081894922754301e-13
-1.572338051128273728e-13
1.149283504255720838e-13
-1.692418717444862312e-12
-1.647517195534586865e-12
-1.591301185617036400e-12
-1.563135175578858593e-12
-2.749251345542995669e-10
-5.184997141582421659e-13
-1.187562955827205775e-13
8.803337142210180970e-14
-1.237942781304242999e-12
-1.205109443787324489e-12
-1.163954560102808887e-12
-1.143302759786333597e-12
-2.130375687930686020e-10
-3.770879110953854412e-13
-8.504453210427326373e-14
6.394661351587506421e-14
-8.284822448259873952e-13
-8.065134249184945597e-13
-7.789470562109783655e-13
-7.650944523910516597e-13
-1.517139615980656878e-10
-2.509886580787826431e-13
-5.576082922766556283e-14
4.253564421579634276e-14
-4.637464745912041533e-13
-4.514505598512044351e-13
-4.360065732089838010e-13
-4.282356674430343613e-13
-9.082088802500193308e-11
-1.397676593844515190e-13
-3.060063986935616035e-14
2.368534799769269797e-14
-1.434992565819169940e-13
-1.396944360197876280e-13
-1.349112438148794436e-13
-1.325016901751775849e-13
-3.022633204266206390e-11
-4.303840939555353942e-14
-9.289836537663654454e-15
7.297191347407713439e-15
1.324408808836531652e-13
1.289288496635206624e-13
1.245102271545329110e-13
1.222820065833402381e-13
3.020083485425106720e-11
3.953970330318674655e-14
8.417727024508429373e-15
-6.711409530630901780e-15
3.642004518280059039e-13
3.545404793858538233e-13
3.423783553992998835e-13
3.362396089870264088e-13
9.059137137021288115e-11
1.082630095845182435e-13
2.274234473012845044e-14
-1.840761447194180255e-14
5.518509072308349996e-13
5.372087821565188587e-13
5.187627806766047940e-13
5.094448562960866167e-13
1.510761830165858085e-10
1.633851246879348417e-13
3.388040504401696764e-14
-2.784357705953669337e-14
6.954085899294875747e-13
6.769492270229023132e-13
6.536822604904765721e-13
6.419210777669122522e-13
2.117868403156679782e-10
2.051182084186988260e-13
4.200604270971902353e-14
-3.505675196072611371e-14
7.948348756814206691e-13
7.737245021045538005e-13
7.471047533731417989e-13
7.336412795320728171e-13
2.728561019791812733e-10
2.336341430063298983e-13
4.727261693476099402e-14
-4.007009057747925431e-14
8.500363123676926759e-13
8.274447066866720450e-13
7.989476456644744861e-13
7.845283645962144655e-13
3.344184453826395546e-10
2.490655119756285835e-13
4.981397764983068497e-14
-4.289212268747582379e-14
8.608649207408868551e-13
8.379676575626454348e-13
8.090780324160727293e-13
7.944554603338528154e-13
3.966106073438665634e-10
2.515064643312624963e-13
4.974554820647308596e-14
-4.351692249103406161e-14
8.271186518014581535e-13
8.050993081921579548e-13
7.773131795416729801e-13
7.632463387142997360e-13
4.595721406508755600e-10
2.410133964691972700e-13
4.716523589171779230e-14
-4.192395512775202947e-14
7.485418990465679631e-13
7.285943180279014129e-13
7.034210762154202970e-13
6.906759969096239031e-13
5.234459825789172989e-10
2.176055438793507177e-13
4.215415944373401111e-14
-3.807780190321681863e-14
6.248261831475039496e-13
6.081567609974816045e-13
5.871211582242809884e-13
5.764713589524163699e-13
5.883790486260514475e-10
1.812654154758188532e-13
3.477724238325062978e-14
-3.192775647066855429e-14
4.556111131021493686e-13
4.434410145308131773e-13
4.280851902016141839e-13
4.203121518325188164e-13
6.545228463195995636e-10
1.319391219077961807e-13
2.508362026409592388e-14
-2.340729443348663993e-14
2.404853266170769531e-13
2.340528510312686744e-13
2.259383527162009981e-13
2.218319819015189671e-13
7.220341169345502179e-10
6.953660519208068707e-14
1.310691445877930461e-14
-1.243340002854591364e-14
-2.101213159789830871e-14
-2.044929972357201627e-14
-1.973945577404451970e-14
-1.938039164897773315e-14
7.910755065469382322e-10
-6.068248698456167047e-15
-1.134651235791837851e-15
1.094246726109130327e-15
-3.293902475149743667e-13
-3.205526002135527186e-13
-3.094120616721428305e-13
-3.037795211923633134e-13
8.618162725284578240e-10
-9.503756840188513826e-14
-1.763828752452583716e-14
1.729423744205603227e-14
-6.852042139536845597e-13
-6.667883639962399692e-13
-6.435851625053061148e-13
-6.318614529970780393e-13
9.344330259412163324e-10
-1.975695439055691255e-13
-3.641682800942279295e-14
3.630456045690869700e-14
-1.089053270995543491e-12
-1.059729242353702906e-12
-1.022804140087847884e-12
-1.004161581360941297e-12
1.009110516938933443e-09
-3.138985293940278043e-13
-5.749907168855344626e-14
5.828389553631071322e-14
-1.541578038313941945e-12
-1.499987101177626196e-12
-1.447651483937076876e-12
-1.421252114582322820e-12
1.086042470565627495e-09
-4.442951905152778901e-13
-8.093028260475280021e-14
8.341308599510249378e-14
-2.043457494730107068e-12
-1.988209743261152132e-12
-1.918743777610831338e-12
-1.883739123340209704e-12
1.165432464401479299e-09
-5.890667050079693777e-13
-1.067728666253245717e-13
1.118968016671667003e-13
-2.595405385627494837e-12
-2.525077391688315220e-12
-2.436728171789561808e-12
-2.392259078663473091e-12
1.247494870381592253e-09
-7.485569326778806867e-13
-1.351071858458394701e-13
1.439653906182166609e-13
-3.198166139082308548e-12
-3.111298523469588071e-12
-3.002278281892247609e-12
-2.947474819460644592e-12
1.332455849881517015e-09
-9.231466377233963581e-13
-1.660325931681649570e-13
1.798769496514904339e-13
-3.852509790931315613e-12
-3.747604877104671699e-12
-3.616089423530440400e-12
-3.550070880839266801e-12
1.420554421316951217e-09
-1.113253516227666141e-12
-1.996686034487677489e-13
2.199195951205386172e-13
-4.559226604577411732e-12
-4.434746089202834114e-12
-4.278873099958623294e-12
-4.200748080888413981e-12
1.512043590384788445e-09
-1.319332418006485572e-12
-2.361562657015452466e-13
2.644139660659812213e-13
-5.319120279276922226e-12
-5.173483032799101500e-12
-4.991350639185546193e-12
-4.900217258808197132e-12
1.607191563582840624e-09
-1.541875132967011984e-12
-2.756598060169618533e-13
3.137159310616975378e-13
-6.133000608990427524e-12
-5.964580335685377589e-12
-5.754245843074688482e-12
-5.649192074234430681e-12
1.706283029987596509e-09
-1.781410222225423683e-12
-3.183682532158771669e-13
3.682195369682672145e-13
-7.001674652237825521e-12
-6.808797785786327908e-12
-6.568276571620716782e-12
-6.448380706373952528e-12
1.809620550383659987e-09
-2.038502486770174739e-12
-3.644975523863624107e-13
4.283601463661645600e-13
-7.925936776661584321e-12
-7.706880422856269169e-12
-7.434145054961549427e-12
-7.298476368204881051e-12
1.917526006199293998e-09
-2.313752237303601544e-12
-4.142926463166924745e-13
4.946177561571322993e-13
-8.906557278595452421e-12
-8.659547362001732616e-12
-8.352526861687920240e-12
-8.200146419905521741e-12
2.030342179200815350e-09
-2.607794200001198099e-12
-4.680299190561231965e-13
5.675205218682063425e-13
-9.944269236750953583e-12
-9.667478676352537199e-12
-9.324058252961595737e-12
-9.154019945896393510e-12
2.148434393230300049e-09
-2.921295810841933111e-12
-5.260195766732306480e-13
6.476483172466625584e-13
-1.103975346192313772e-11
-1.073130070123989459e-11
-1.034932184549567323e-11
-1.016067362581026929e-11
2.272192314613057175e-09
-3.254954839933410210e-12
-5.886084934973282226e-13
7.356364143043063234e-13
-1.219362166756019182e-11
-1.185156943849391712e-11
-1.142883020602911067e-11
-1.122061563334115864e-11
2.402031775807015577e-09
-3.609496684162197410e-12
-6.561825945762352112e-13
8.321790316713180033e-13
-1.340639698025728267e-11
-1.302875142326391411e-11
-1.256300740362743974e-11
-1.233426740397252583e-11
2.538396784007772754e-09
-3.985670240688078537e-12
-7.291705083810395035e-13
9.380327859152025098e-13
-1.467849217765104362e-11
-1.426320227863888601e-11
-1.375216804925240689e-11
-1.350194302495685075e-11
2.681761600966572276e-09
-4.384242775581975979e-12
-8.080452482281043662e-13
1.054019689975876587e-12
-1.601018481542774388e-11
-1.555514240509031406e-11
-1.499649362981123880e-11
-1.472382586877488218e-11
2.832632900925197031e-09
-4.805994027931455494e-12
-8.933279892101491055e-13
1.181029667822929329e-12
-1.740158945150464563e-11
-1.690462965974492093e-11
-1.629600595597116909e-11
-1.599994254468684165e-11
2.991552111203763442e-09
-5.251707441435429076e-12
-9.855894869576037287e-13
1.320022104944398263e-12
-1.885262598245959828e-11
-1.831152870177862864e-11
-1.765053725459058427e-11
-1.733013317007735771e-11
3.159097722526768513e-09
-5.722160963527831360e-12
-1.085452699275245520e-12
1.472026323700826857e-12
-2.036298485270707832e-11
-1.977547649639180067e-11
-1.905969681367923385e-11
-1.871401869574831338e-11
3.335887755308567913e-09
-6.218114216126878061e-12
-1.193593383375825194e-12
1.638140262902479788e-12
-2.193208722327774303e-11
-2.129584396754211631e-11
-2.052283360549012189e-11
-2.015096394816155419e-11
3.522582241463702815e-09
-6.740294062656384464e-12
-1.310740534704278198e-12
1.819527023442798087e-12
-2.355904143306374977e-11
-2.287169329037181088e-11
-2.203899489728674135e-11
-2.164003667696219040e-11
3.719885728726285235e-09
-7.289375647881790480e-12
-1.437674821222680168e-12
2.017408555204408323e-12
-2.524259409734873399e-11
-2.450173038697352081e-11
-2.360688021301942722e-11
-2.317996219922394482e-11
3.928549759558719213e-09
-7.865960730823504744e-12
-1.575225083547421785e-12
2.233055857806263996e-12
-2.698107609949397645e-11
-2.618425249302241433e-11
-2.522479060185241357e-11
-2.476907324618249872e-11
4.149375274841588853e-09
-8.470551165075251096e-12
-1.724262969806675030e-12
2.467774561993574325e-12
-2.877234330143408889e-11
-2.791709072982236499e-11
-2.689057289135187340e-11
-2.640525489237320411e-11
4.383214868461181623e-09
-9.103516246555697704e-12
-1.885692403756224322e-12
2.722885321825272782e-12
-3.061371143313037524e-11
-2.969754681319084625e-11
-2.860155873648499328e-11
-2.808588424216458406e-11
4.630974807409252442e-09
-9.765056579361189455e-12
-2.060436542936922127e-12
2.999697677793230704e-12
-3.250188448992528569e-11
-3.152232449752060921e-11
-3.035449817304714947e-11
-2.980776482205520124e-11
4.893616698669351033e-09
-1.045515770075290555e-11
-2.249418037026376091e-12
3.299476628025108616e-12
-3.443287858149594889e-11
-3.338745525569519352e-11
-3.214548829395355853e-11
-3.156705591901552261e-11
5.172158663550593247e-09
-1.117353792583357317e-11
-2.453532765499422258e-12
3.623400680834501159e-12
-3.640193822430481454e-11
-3.528821862693319548e-11
-3.396989624991046087e-11
-3.335919654409613883e-11
5.467675838982045028e-09
-1.191958776318679904e-11
-2.673614962535412854e-12
3.972511156379614178e-12
-3.840344820573512559e-11
-3.721905733062022012e-11
-3.582227792991625217e-11
-3.517882467933583118e-11
5.781299982442620297e-09
-1.269229734768645826e-11
-2.910392365368074525e-12
4.347651579513887100e-12
-4.043084006127149406e-11
-3.917348791953584696e-11
-3.769629222199442389e-11
-3.701969275855221119e-11
6.114217904105036155e-09
-1.349017514487393691e-11
-3.164428368525521988e-12
4.749398265327169386e-12
-4.247649463350706139e-11
-4.114400792002953522e-11
-3.958461233500315313e-11
-3.887457950760524179e-11
6.467668390447881827e-09
-1.431115245075338530e-11
-3.436050029052934282e-12
5.177982339781695983e-12
-4.453164167642013868e-11
-4.312200084592380128e-11
-4.147883525151134286e-11
-4.073520046459180831e-11
6.842937200320845456e-09
-1.515248056568743790e-11
-3.725261460372286141e-12
5.633205909444644878e-12
-4.658625817366661071e-11
-4.509764089725923700e-11
-4.336939145442976269e-11
-4.259211856941755601e-11
7.241349643844882797e-09
-1.601060768083056435e-11
-4.031633854042128790e-12
6.114355929086547967e-12
-4.862897016417488305e-11
-4.705979984647806790e-11
-4.524545728774798515e-11
-4.443465703027734557e-11
7.664260063002175126e-09
-1.688105269166906116e-11
-4.354179968427584661e-12
6.620120567754194089e-12
-5.064695666470371719e-11
-4.899595979759818361e-11
-4.709487351528272530e-11
-4.625081935028009580e-11
8.113037684513023329e-09
-1.775826114765001357e-11
-4.691204766542918719e-12
7.148516839710324855e-12
-5.262586495001507274e-11
-5.089213556218233956e-11
-4.890407409753637502e-11
-4.802721808177600377e-11
8.589047629713672898e-09
-1.863545412529151501e-11
-5.040134744174304844e-12
7.696836416310062258e-12
-5.454973951872307471e-11
-5.273281206769990868e-11
-5.065803029270495822e-11
-4.974902003507983070e-11
9.093626376595351650e-09
-1.950447669170538807e-11
-5.397328021304161118e-12
8.261623378822769985e-12
-5.640097113248796645e-11
-5.450090320941129626e-11
-5.234021633281512973e-11
-5.139991265455387278e-11
9.628050240698736724e-09
-2.035564605873322119e-11
-5.757868479097808638e-12
8.838692578600897391e-12
-5.816027810043993564e-11
-5.617773963360659120e-11
-5.393260485821376555e-11
-5.296209970195015352e-11
1.019349550441731799e-08
-2.117760695498093725e-11
-6.115354048595464793e-12
9.423202004535201904e-12
-5.980671685561449613e-11
-5.774309437698864497e-11
-5.541569955919462463e-11
-5.441633462454982399e-11
1.079098852170718146e-08
-2.195721603669577703e-11
-6.461688060144216472e-12
1.000978655617474407e-11
-6.131775186065392552e-11
-5.917525650928534272e-11
-5.676861611496382074e-11
-5.574200184795689946e-11
1.142134389498300295e-08
-2.267946131311483100e-11
-6.786893784989592203e-12
1.059275615291482008e-11
-6.266937629160656639e-11
-6.045116387031583380e-11
-5.796922139174261546e-11
-5.691725634422469289e-11
1.208508857872246997e-08
-2.332744331067397669e-11
-7.078976546534450306e-12
1.116635453761724292e-11
-6.383631009070828856e-11
-6.154660687096234102e-11
-5.899434303595260494e-11
-5.791923350538695455e-11
1.278236955763366714e-08
-2.388243796842806478e-11
-7.323865553362271721e-12
1.172505935830665005e-11
-6.479227996492295483e-11
-6.243651536454784470e-11
-5.982005958950247262e-11
-5.872433968113481448e-11
1.351284258331747542e-08
-2.432407834593721856e-11
-7.505473662608342102e-12
1.226389359002617143e-11
-6.551040085777501199e-11
-6.309533943075563346e-11
-6.042208314512890660e-11
-5.930863496445074385e-11
1.427553938266970292e-08
-2.463068440317108486e-11
-7.605927845241658123e-12
1.277870112416559358e-11
-6.596366263545469170e-11
-6.349753428655677903e-11
-6.077624113392884257e-11
-5.964831496382290571e-11
1.506871090662227858e-08
-2.477977072014328330e-11
-7.606013299766540497e-12
1.326632351649416273e-11
-6.612553327667336329e-11
-6.361815375624125022e-11
-6.085906175261856946e-11
-5.972029622793568392e-11
1.588964457605607385e-08
-2.474878219919963162e-11
-7.485894165309851058e-12
1.372460970204845851e-11
-6.597068275450175695e-11
-6.343355294714744679e-11
-6.064846122380837337e-11
-5.950290309371836479e-11
1.673445432573861519e-08
-2.451607105702671024e-11
-7.226149959791188512e-12
1.415219145150575561e-11
-6.547581755359332488e-11
-6.292219240384300344e-11
-6.012452278832161366e-11
-5.897664527818570763e-11
1.759784371078207557e-08
-2.406215180868230444e-11
-6.809165894414436470e-12
1.454797014673824301e-11
-6.462061472047106734e-11
-6.206552571734167103e-11
-5.927034797444603842e-11
-5.812506677106434269e-11
1.847284457749909532e-08
-2.337121009418375363e-11
-6.220871147069353399e-12
1.491030099467343442e-11
-6.338872817408450534e-11
-6.084894243882531057e-11
-5.807294785710760114e-11
-5.693563294298391896e-11
1.935053710796709136e-08
-2.243284829221788794e-11
-5.452796184327925697e-12
1.523591069362018399e-11
-6.176882864391636233e-11
-5.926272568380354895e-11
-5.652413397127535602e-11
-5.540061564792329419e-11
2.021976152613492711e-08
-2.124399387510840433e-11
-4.504334829355203276e-12
1.551865509660178133e-11
-5.975562810226986319e-11
-5.730297395638811997e-11
-5.462135658112582805e-11
-5.351792151685158706e-11
2.106683768515709973e-08
-1.981083166122989533e-11
-3.385048036141122875e-12
1.574829715430314039e-11
-5.735083116738153102e-11
-5.497243316691045640e-11
-5.236843638622519198e-11
-5.129180982362249066e-11
2.187531570758108919e-08
-1.815058638016191079e-11
-2.116747400407874719e-12
1.590955027006512726e-11
-5.456395483783006357e-11
-5.228118414656679288e-11
-4.977613917345552446e-11
-4.873344861608420037e-11
2.262578886304167027e-08
-1.629290576873655677e-11
-7.350227668086310485e-13
1.598167001271059674e-11
-5.141296556114257627e-11
-4.924714266516909781e-11
-4.686255683543500498e-11
-4.586126923107214111e-11
2.329580860182537998e-08
-1.428054867790448863e-11
7.101814916020941348e-13
1.593886711973063965e-11
-4.792470228302697566e-11
-4.589635580772710217e-11
-4.365328651039910108e-11
-4.270111201480024584e-11
2.385994670030165734e-08
-1.216906026567373368e-11
2.155357472861053484e-12
1.575174728840886778e-11
-4.413508020164374914e-11
-4.226310529194530026e-11
-4.018142832532358293e-11
-3.928618108229471269e-11
2.429005753730150914e-08
-1.002513126940142638e-11
3.525966813343150234e-12
1.538985305012709061e-11
-4.008910668509679548e-11
-3.838986578523682563e-11
-3.648746607813876913e-11
-3.565687151891813413e-11
2.455578925817125882e-08
-7.923421174156834818e-12
4.740958459047798010e-12
1.482520461417398830e-11
-3.584076579099125851e-11
-3.432719445827311819e-11
-3.261911834826596722e-11
-3.186055773647933305e-11
2.462538742603358565e-08
-5.941776813619476201e-12
5.719290887702364068e-12
1.403653645530114675e-11
-3.145284470899661282e-11
-3.013363994558096165e-11
-2.863125470349602018e-11
-2.795143910494388543e-11
2.446681888345196084e-08
-4.155013799314204926e-12
6.388159663903953622e-12
1.301374715959015464e-11
-2.699675788637879723e-11
-2.587572423995710402e-11
-2.458594499756412860e-11
-2.399051645150741895e-11
2.404921613538879190e-08
-2.627722042369919632e-12
6.692249000213146948e-12
1.176195962426465853e-11
-2.255236572494773931e-11
-2.162799655338804047e-11
-2.055263448205701627e-11
-2.004570102426010985e-11
2.334460929125503445e-08
-1.406882653413518796e-12
6.602931534282817218e-12
1.030456446097657446e-11
-1.820770450995597880e-11
-1.747304611515951888e-11
-1.660832932072572734e-11
-1.619195363993820691e-11
2.232986956049217334e-08
-5.153693212548231194e-13
6.126016170216687548e-12
8.684705539997895121e-12
-1.405841816286451880e-11
-1.350124049091945420e-11
-1.283754931078460469e-11
-1.251123043185016623e-11
2.098874315217727525e-08
5.242183403712722433e-14
5.306483827276367128e-12
6.964842782348020696e-12
-1.020660149099934820e-11
-9.809852976899799152e-12
-9.331697748096866856e-12
-9.091899197130887296e-12
1.931381628726434954e-08
3.315959925401799747e-13
4.228735638501937379e-12
5.224266162945103261e-12
-6.758714805898874486e-12
-6.501203221699966227e-12
-6.187455608511413708e-12
-6.027254840243332138e-12
1.730822007026113071e-08
3.835136991856106611e-13
3.011283710225609745e-12
3.554673733736856889e-12
-3.822294900971740385e-12
-3.679503046468726753e-12
-3.503878139817341180e-12
-3.412814650824590153e-12
1.498687730282459951e-08
2.879215447649741200e-13
1.795525617740026628e-12
2.054118421903112159e-12
-1.501364602425965646e-12
-1.446294563972874747e-12
-1.378065068637147588e-12
-1.342260178315558280e-12
1.237710644565516164e-08
1.309057197482867108e-13
7.292034394996552389e-13
8.197404954794343089e-13
1.092737557900640477e-13
1.053287179670354416e-13
1.004188441465600784e-13
9.782178294431704211e-14
9.518441071881943502e-09
-9.994095492157313354e-15
-5.379617350388312641e-14
-6.026073725717600102e-14
9.303497978401323192e-13
8.971791120247037695e-13
8.558481695820156473e-13
8.339158997600276553e-13
6.461590914375110810e-09
-8.137134632410232467e-14
-4.547025601436851344e-13
-5.149729801591350495e-13
9.042462758058348489e-13
8.722744498076602341e-13
8.325422600343268613e-13
8.115008895342734391e-13
3.266556185855544431e-09
-6.761350075732833258e-14
-4.289772957576352605e-13
-4.989899726825745148e-13
8.710819047576393453e-27
1.249415317194980603e-26
2.413188588293818785e-26
9.982259580817284851e-27
2.706162734799335000e-23
-7.910434864270686790e-28
-5.867568175716486680e-27
-8.135786586578036708e-27
