7.614147569088126974e-39
3.744709569787529500e-39
-3.394579523083144772e-39
-4.252218517457184484e-39
-2.075022931998112870e-39
-2.649977549565890968e-37
6.047649226840130823e-36
1.246605933009376883e-37
7.018534541357593346e-09
4.257665880903582003e-09
-4.241155967530453420e-09
-4.682036651553743247e-09
-1.709562389400448879e-09
-1.842842580962110038e-10
-9.226224486266687041e-11
-1.840483056429877731e-11
1.394464398597341974e-08
8.457270154104405826e-09
-8.413910399527666300e-09
-9.282115638062789133e-09
-3.382405871173449701e-09
-3.643415858150803910e-10
-1.824110382317515911e-10
-3.639256102500965875e-11
2.069157741652978035e-08
1.254531733802255898e-08
-1.245086790147924977e-08
-1.372045662700962553e-08
-4.983204458386910468e-09
-5.361189730174726404e-10
-2.684195442474782583e-10
-5.356284329706226511e-11
2.718311702158710138e-08
1.647670201852639085e-08
-1.628686247600732494e-08
-1.792168304725605562e-08
-6.479369119383521666e-09
-6.959036470951214673e-10
-3.484304087280072231e-10
-6.954813707555422361e-11
3.335698190398705493e-08
2.021721323186416529e-08
-1.986053544263166034e-08
-2.181710045340116733e-08
-7.842286215057623892e-09
-8.404735680232822247e-10
-4.208308758613908932e-10
-8.402836834361981658e-11
3.916643845894320523e-08
2.374442736783373654e-08
-2.311627136613619897e-08
-2.534695576627188032e-08
-9.048386723628313488e-09
-9.672237631213973657e-10
-4.843159275797785126e-10
-9.674335133312694138e-11
4.458012679667237172e-08
2.704702407611415396e-08
-2.600634980994978872e-08
-2.846252934810401553e-08
-1.007997532155977975e-08
-1.074259783940672952e-09
-5.379352726488554815e-10
-1.075021660051956251e-10
4.958041836781047719e-08
3.012284711589034508e-08
-2.849305737619170797e-08
-3.112785979872984516e-08
-1.092575615054143824e-08
-1.160451615465386616e-09
-5.811204680722976447e-10
-1.161887952241373927e-10
5.416082179556051222e-08
3.297621562722613322e-08
-3.055045314933846755e-08
-3.332089769749597857e-08
-1.158100606359768531e-08
-1.225443005085015251e-09
-6.136900462060463640e-10
-1.227634297434459527e-10
5.832301416592395727e-08
3.561504523052221630e-08
-3.216550909136455104e-08
-3.503392553507907772e-08
-1.204737624365205743e-08
-1.269615368744246419e-09
-6.358318530957554294e-10
-1.272594097916784309e-10
6.207401511115784625e-08
3.804826925844491346e-08
-3.333843256522232214e-08
-3.627316561239803098e-08
-1.233234055687393810e-08
-1.294010131999924117e-09
-6.480647264147178927e-10
-1.297760077835866873e-10
6.542387417242140166e-08
4.028389963814999307e-08
-3.408210806818153500e-08
-3.705759877503884351e-08
-1.244834500172379724e-08
-1.300217873657304536e-09
-6.511830135789552086e-10
-1.304677804277657789e-10
6.838405075949930003e-08
4.232788088244300249e-08
-3.442072566636409127e-08
-3.741711472469881103e-08
-1.241174014384157710e-08
-1.290243486660689361e-09
-6.461895282114637661e-10
-1.295315482223255008e-10
7.096650421923104289e-08
4.418371912256763968e-08
-3.438777018876577504e-08
-3.739018749506765222e-08
-1.224159861105651872e-08
-1.266362051581035376e-09
-6.342233463829796227e-10
-1.271921973826506986e-10
7.318337690045731537e-08
4.585274510412207609e-08
-3.402361182459199305e-08
-3.702130730441646763e-08
-1.195852074173493375e-08
-1.230976692430738227e-09
-6.164885103082984744e-10
-1.236885781210695226e-10
7.504708977111062027e-08
4.733479326997973155e-08
-3.337295857450318382e-08
-3.635840041709765350e-08
-1.158352101221893586e-08
-1.186489605976370807e-09
-5.941893567074150528e-10
-1.192605824502177057e-10
7.657065316231596063e-08
4.862908180212926992e-08
-3.248240188967141923e-08
-3.545043592701661360e-08
-1.113706705050304635e-08
-1.135194301523145370e-09
-5.684762300124077538e-10
-1.141381933059507311e-10
7.776802500146656804e-08
4.973509568868897421e-08
-3.139824431147593102e-08
-3.434536767355291219e-08
-1.063831695630740601e-08
-1.079193611170201272e-09
-5.404041934029067516e-10
-1.085330833346748605e-10
7.865439297302667945e-08
5.065333620412186910e-08
-3.016472344846124998e-08
-3.308849835093992278e-08
-1.010457204690879815e-08
-1.020344798714530406e-09
-5.109053113922591640e-10
-1.026328630886292784e-10
7.924631489865277075e-08
5.138585456001693237e-08
-2.882268707526632089e-08
-3.172129738529507340e-08
-9.550942292530865553e-09
-9.602302793558449974e-10
-4.807737701077950007e-10
-9.659791490588784849e-11
7.956169733022636324e-08
5.193655080898204941e-08
-2.740871731464918502e-08
-3.028065253858133335e-08
-8.990200342209277096e-09
-9.001503569665884760e-10
-4.506621203272745331e-10
-9.056043780277931003e-11
7.961962727189727611e-08
5.231124625877182451e-08
-2.595466032155890001e-08
-2.879850816777222018e-08
-8.432790250720348862e-09
-8.411333521825534789e-10
-4.210863100534926256e-10
-8.462529738476904807e-11
7.944009294437512980e-08
5.251757192445510018e-08
-2.448749429935270461e-08
-2.730181781910384217e-08
-7.886953111713156751e-09
-7.839580177318084316e-10
-3.924368706557601551e-10
-7.887216636407185428e-11
7.904363764975447036e-08
5.256472933711942154e-08
-2.302945854800442714e-08
-2.581273586562842650e-08
-7.358931454885509425e-09
-7.291835032696929026e-10
-3.649939986152658241e-10
-7.335844132661114441e-11
7.845098745114485997e-08
5.246316853724689788e-08
-2.159836677237163189e-08
-2.434897423289002488e-08
-6.853218531837503877e-09
-6.771827637173012034e-10
-3.389443344763713008e-10
-6.812257423987192730e-11
7.768269000448234810e-08
5.222423421045800166e-08
-2.020803606833741010e-08
-2.292425932658266885e-08
-6.372824931781750516e-09
-6.281762576086157650e-10
-3.143979361217234194e-10
-6.318746035072818353e-11
7.675878763955811726e-08
5.185981301003532122e-08
-1.886877522270080350e-08
-2.154883668566570691e-08
-5.919541689724652143e-09
-5.822636684009301377e-10
-2.914042354627032167e-10
-5.856363766528871515e-11
7.569854235867074271e-08
5.138200840940234281e-08
-1.758788885125293729e-08
-2.022998281439775451e-08
-5.494185722935689211e-09
-5.394522774163240590e-10
-2.699663310241261518e-10
-5.425217602460161408e-11
7.452021844793686190e-08
5.080285896979581732e-08
-1.637016667071567769e-08
-1.897249646160161144e-08
-5.096818982721269315e-09
-4.996812962034783644e-10
-2.500532144762818976e-10
-5.024715588317920852e-11
7.324092476731744850e-08
5.013410374377648162e-08
-1.521833764189102962e-08
-1.777915086918817074e-08
-4.726937451403145469e-09
-4.628420056783936344e-10
-2.316099094142326197e-10
-4.653773129552912817e-11
7.187651211237728283e-08
4.938700220040097894e-08
-1.413347747795605183e-08
-1.665109762959830177e-08
-4.383629129091238018e-09
-4.287939021919066941e-10
-2.145655789544589535e-10
-4.310978333626498866e-11
7.044151887922115376e-08
4.857219950305056485e-08
-1.311536509262703899e-08
-1.558821765924764210e-08
-4.065702741206190154e-09
-3.973772663870754846e-10
-1.988398342410482916e-10
-3.994721287642429781e-11
6.894915813774391052e-08
4.769963650602850743e-08
-1.216278697787804156e-08
-1.458942017715704086e-08
-3.771789919953233189e-09
-3.684226683791441482e-10
-1.843474963921813897e-10
-3.703291432989884959e-11
6.741133671713678716e-08
4.677849557026421641e-08
-1.127379233477392406e-08
-1.365289242201935800e-08
-3.500424407398168932e-09
-3.417579467440677353e-10
-1.710020879791640127e-10
-3.434949516637564675e-11
6.583869957761100180e-08
4.581717701448555985e-08
-1.044590329756194501e-08
-1.277630471438237715e-08
-3.250101869431596258e-09
-3.172131618001243537e-10
-1.587183087417465309e-10
-3.187978063059934960e-11
6.424069203654675231e-08
4.482329887444022635e-08
-9.676285392612458296e-09
-1.195697636823788398e-08
-3.019323921415242708e-09
-2.946239780970099539e-10
-1.474137190189715355e-10
-2.960716378020174809e-11
6.262563397873107239e-08
4.380371514349417556e-08
-8.961883487878037410e-09
-1.119200774607820624e-08
-2.806629413918758964e-09
-2.738338462620188518e-10
-1.370098214687490817e-10
-2.751582709926435920e-11
6.100080133489677403e-08
4.276454669269143466e-08
-8.299528551737449174e-09
-1.047838375013418226e-08
-2.610615791104233891e-09
-2.546952966006213571e-10
-1.274327005675942507e-10
-2.559087467912368666e-11
5.937251115605167704e-08
4.171122145843021521e-08
-7.686020018538773436e-09
-9.813053491577247083e-09
-2.429952771400919293e-09
-2.370705868999237068e-10
-1.186133389554771455e-10
-2.381839782411119436e-11
5.774620671316001782e-08
4.064852031219577874e-08
-7.118188097253707446e-09
-9.192990517840572172e-09
-2.263390250781993447e-09
-2.208318930101818976e-10
-1.104877059621286133e-10
-2.218549373255289120e-11
5.612654115816723601e-08
3.958062586491518765e-08
-6.592939622318083655e-09
-8.615237172994287656e-09
-2.109761936408173662e-09
-2.058611843859897827e-10
-1.029966889054556613e-10
-2.068025243861120795e-11
5.451745722915767775e-08
3.851117231578106443e-08
-6.107290903254292919e-09
-8.076936304443964651e-09
-1.967985892415414990e-09
-1.920498913380131856e-10
-9.608592331473643918e-11
-1.929172336583920013e-11
5.292226313037959618e-08
3.744329484868015594e-08
-5.658390129520534580e-09
-7.575352925862498337e-09
-1.837062915266277009e-09
-1.792984400802586933e-10
-8.970555591798982422e-11
-1.800986475856368989e-11
5.134370311636004701e-08
3.637967766750826317e-08
-5.243531537631125354e-09
-7.107888042438827786e-09
-1.716073449913897646e-09
-1.675157127274674148e-10
-8.380997204343360215e-11
-1.682549093048881083e-11
4.978402222288071714e-08
3.532259943066301561e-08
-4.860163292207322645e-09
-6.672086402793137004e-09
-1.604173564553204506e-09
-1.566184703129164093e-10
-7.835750498063547138e-11
-1.573021355952923285e-11
4.824502603060379130e-08
3.427397606727090538e-08
-4.505890531953855327e-09
-6.265639618730876896e-09
-1.500590377802971403e-09
-1.465307663337747440e-10
-7.331014101169405977e-11
-1.471638084992383641e-11
4.672813470127671840e-08
3.323540060588836605e-08
-4.178474796554851712e-09
-5.886385866724091789e-09
-1.404617223174396051e-09
-1.371833696600641610e-10
-6.863322969780919901e-11
-1.377701849678151065e-11
4.523443159534540030e-08
3.220817981928747029e-08
-3.875830740666869942e-09
-5.532307003613876587e-09
-1.315608750985986452e-09
-1.285132084988548118e-10
-6.429520453379254571e-11
-1.290577458344611835e-11
4.376470727354666092e-08
3.119336751068156505e-08
-3.596021094689381865e-09
-5.201523906600047272e-09
-1.232976109444562340e-09
-1.204628423473410387e-10
-6.026731854348063466e-11
-1.209686523415626536e-11
4.231949833452478002e-08
3.019179502802302706e-08
-3.337250144313114549e-09
-4.892290596477555641e-09
-1.156182298988155805e-09
-1.129799670356755187e-10
-5.652339591971786102e-11
-1.134502480832675265e-11
4.089912231316954130e-08
2.920409861048965567e-08
-3.097856546418336515e-09
-4.602987539080196092e-09
-1.084737759819384150e-09
-1.060169541546877106e-10
-5.303960160865140570e-11
-1.064545872968056901e-11
3.950370844549818344e-08
2.823074396579863031e-08
-2.876305580358153204e-09
-4.332114498554405546e-09
-1.018196227721302719e-09
-9.953042574328788774e-11
-4.979422788341975710e-11
-9.993801420350964352e-12
3.813322480796636498e-08
2.727204832455368996e-08
-2.671181218509446105e-09
-4.078283195718595340e-09
-9.561508754185425554e-10
-9.348086294754533393e-11
-4.676749856389385141e-11
-9.386075960939525813e-12
3.678750220759275874e-08
2.632820005899390600e-08
-2.481178218903642655e-09
-3.840209969033477079e-09
-8.982307432352311723e-10
-8.783224762206066188e-11
-4.394138977983659361e-11
-8.818658202146856079e-12
3.546625519414091762e-08
2.539927602691930590e-08
-2.305094333672874656e-09
-3.616708534928293163e-09
-8.440974553049323225e-10
-8.255173596789292869e-11
-4.129946614683561342e-11
-8.288243755523801035e-12
3.416910030993315900e-08
2.448525709271116381e-08
-2.141822781085935457e-09
-3.406682994287300222e-09
-7.934422102616758193e-10
-7.760936023795769275e-11
-3.882673166861459002e-11
-7.791817932403940007e-12
3.289557211648656638e-08
2.358604161398363741e-08
-1.990345049528367600e-09
-3.209121133003613621e-09
-7.459830328256058523e-10
-7.297775872607110913e-11
-3.650949472771062247e-11
-7.326627946294535274e-12
3.164513705495613667e-08
2.270145751119291953e-08
-1.849724046639242251e-09
-3.023088041644750324e-09
-7.014622698365585771e-10
-6.863193008736961042e-11
-3.433524476627173250e-11
-6.890160859127144687e-12
3.041720548337270816e-08
2.183127272475427118e-08
-1.719097653757204128e-09
-2.847720113304744579e-09
-6.596443134941016675e-10
-6.454901086494574681e-11
-3.229254121600060608e-11
-6.480115653382766799e-12
2.921114209855406177e-08
2.097520444700510396e-08
-1.597672676971328099e-09
-2.682219397520634974e-09
-6.203135349176872894e-10
-6.070807432363037178e-11
-3.037091270413806899e-11
-6.094388433269614728e-12
2.802627485671085482e-08
2.013292713748195298e-08
-1.484719214367841626e-09
-2.525848332515771114e-09
-5.832724076803666449e-10
-5.708994763206068905e-11
-2.856076555564632228e-11
-5.731051118663389525e-12
2.686190270125882961e-08
1.930407949987858895e-08
-1.379565400137260288e-09
-2.377924839296168608e-09
-5.483398135628261017e-10
-5.367704761637048351e-11
-2.685330152471611707e-11
-5.388336541583859407e-12
2.571730212234817017e-08
1.848827060816430582e-08
-1.281592554402064248e-09
-2.237817765794731044e-09
-5.153494985626834503e-10
-5.045323072638767373e-11
-2.524044291881872274e-11
-5.064620961991643020e-12
2.459173271116135176e-08
1.768508512729219718e-08
-1.190230667008524497e-09
-2.104942666405506992e-09
-4.841486853305306842e-10
-4.740365865634426488e-11
-2.371476516384663587e-11
-4.758412803535765472e-12
2.348444197204840143e-08
1.689408791563150550e-08
-1.104954261989108758e-09
-1.978757932280314831e-09
-4.545968066733369001e-10
-4.451467603264824486e-11
-2.226943554438543074e-11
-4.468339232389775804e-12
2.239466928022225233e-08
1.611482784014361485e-08
-1.025278572172651131e-09
-1.858761127932182646e-09
-4.265643690412266366e-10
-4.177369974663249589e-11
-2.089815800894713764e-11
-4.193136181425140611e-12
2.132164921497734704e-08
1.534684120416608594e-08
-9.507559929731030740e-10
-1.744485746424262335e-09
-3.999319127295332862e-10
-3.916911894558677415e-11
-1.959512298863972879e-11
-3.931635822320069323e-12
2.026461435591989189e-08
1.458965458959972187e-08
-8.809729075057007066e-10
-1.635498105116445858e-09
-3.745890765262171558e-10
-3.669020417437375692e-11
-1.835496199010588420e-11
-3.682760076864760747e-12
1.922279756161667335e-08
1.384278725724301790e-08
-8.155465958742707346e-10
-1.531394543330399527e-09
-3.504337479358739254e-10
-3.432702523577875495e-11
-1.717270642731231049e-11
-3.445510958664836137e-12
1.819543379680457924e-08
1.310575321670760654e-08
-7.541226306141835779e-10
-1.431798824468268032e-09
-3.273712883628498034e-10
-3.207037641752134262e-11
-1.604375027987116760e-11
-3.218963341870275638e-12
1.718176163247419570e-08
1.237806294915336024e-08
-6.963722648106985831e-10
-1.336359746025927222e-09
-3.053138332445876261e-10
-2.991170856467237052e-11
-1.496381602412229440e-11
-3.002258147182445033e-12
1.618102440223142453e-08
1.165922479824586680e-08
-6.419901572813748214e-10
-1.244748941565548395e-09
-2.841796545442183214e-10
-2.784306744081455286e-11
-1.392892385246981569e-11
-2.794596097014971739e-12
1.519247104403967739e-08
1.094874614641478940e-08
-5.906922460968772951e-10
-1.156658842501371236e-09
-2.638925765870428365e-10
-2.585703734751111606e-11
-1.293536341026703672e-11
-2.595232074817990807e-12
1.421535676467790370e-08
1.024613441269808041e-08
-5.422137794728143425e-10
-1.071800814985225905e-09
-2.443814476735979385e-10
-2.394668978461035388e-11
-1.197966809006169404e-11
-2.403469972705420814e-12
1.324894344843579424e-08
9.550897738346423392e-09
-4.963075206867007678e-10
-9.899034169504301321e-10
-2.255796547513292412e-10
-2.210553651318401207e-11
-1.105859175139580411e-11
-2.218657903542691939e-12
1.229249990706090704e-08
8.862545618134727670e-09
-4.527420867459720081e-10
-9.107108016072062413e-10
-2.074246776369143356e-10
-2.032748653999845973e-11
-1.016908677178025197e-11
-2.040183946497208129e-12
1.134530195018962898e-08
8.180589323632282466e-09
-4.113004047851319376e-10
-8.339812174055486341e-10
-1.898576834093821455e-10
-1.860680655951433237e-11
-9.308284680913863841e-12
-1.867472139951407846e-12
1.040663235790968424e-08
7.504542214075536600e-09
-3.717782760479777110e-10
-7.594856591131668776e-10
-1.728231489298747354e-10
-1.693808466156056266e-11
-8.473477778642148420e-12
-1.699978823258338424e-12
9.475780710127239596e-09
6.833919934635773074e-09
-3.339830723428762732e-10
-6.870065496295459477e-10
-1.562685160907278223e-10
-1.531619666384021657e-11
-7.662102329717369397e-12
-1.537189265778401731e-12
8.552043129273941654e-09
6.168240522672503546e-09
-2.977325001691955399e-10
-6.163365520558436751e-10
-1.401438695866249076e-10
-1.373627506554256304e-11
-6.871723033522702622e-12
-1.378614537610894419e-12
7.634721939839983809e-09
5.507024458040535986e-09
-2.628534419986797539e-10
-5.472774503166934491e-10
-1.244016394851925861e-10
-1.219368008225985671e-11
-6.100018539946514350e-12
-1.223788585128291603e-12
6.723125264398009409e-09
4.849794570336455661e-09
-2.291808806315824036e-10
-4.796390810756577550e-10
-1.089963223995258914e-10
-1.068397266915758183e-11
-5.344767926137035350e-12
-1.072265579631494215e-12
5.816566535704873973e-09
4.196075967491421648e-09
-1.965568981860973336e-10
-4.132383474579434932e-10
-9.388422068443847085e-11
-9.202889140832533463e-12
-4.603838024265134411e-12
-9.236172518810102116e-13
4.914363985692795034e-09
3.545395849327642472e-09
-1.648297019348208143e-10
-3.478982517131541920e-10
-7.902319670418909070e-11
-7.746317383118752019e-12
-3.875171500146406923e-12
-7.774305685390391316e-13
4.015840084656014384e-09
2.897283344991922642e-09
-1.338527266394884123e-10
-2.834470209907833405e-10
-6.437243950974073270e-11
-6.310274179862271358e-12
-3.156775522316958143e-12
-6.333056169401807707e-13
3.120320941421388995e-09
2.251269239874747224e-09
-1.034837399659311204e-10
-2.197172252347022487e-10
-4.989224316291721939e-11
-4.890883672982882067e-12
-2.446710967482559914e-12
-4.908530006261089684e-13
2.227135665816555733e-09
1.606885725031628597e-09
-7.358404477840394423e-11
-1.565449468038612103e-10
-3.554379385090151555e-11
-3.484356692454602665e-12
-1.743082084397358688e-12
-3.496922289374493570e-13
1.335615738140914088e-09
9.636661057923827390e-10
-4.401764359049589216e-11
-9.376897876798425377e-11
-2.128896391595735892e-11
-2.086970754669289933e-12
-1.044026515934055410e-12
-2.094494586603277113e-13
4.450943371751360307e-10
3.211444955738543324e-10
-1.465045509016439616e-11
-3.123003278764543511e-11
-7.090112218764201249e-12
-6.950506458500991102e-13
-3.477055182335524581e-13
-6.975560085017975219e-14
-4.450943371499757297e-10
-3.211444955678593409e-10
1.465045516955366937e-11
3.123003278129387062e-11
7.090112219055384980e-12
6.950506459374335097e-13
3.477055185896564381e-13
6.975560087863710786e-14
-1.335615738687633324e-09
-9.636661057063574029e-10
4.401764362855129913e-11
9.376897878596816841e-11
2.128896391418896309e-11
2.086970754630185859e-12
1.044026515529888420e-12
2.094494593597710436e-13
-2.227135666220772015e-09
-1.606885725354293970e-09
7.358404470205790080e-11
1.565449468143066403e-10
3.554379381931623778e-11
3.484356692902713222e-12
1.743082090091874598e-12
3.496922289711305117e-13
-3.120320941296983512e-09
-2.251269240173967403e-09
1.034837400583877599e-10
2.197172252523291056e-10
4.989224317638306061e-11
4.890883670350567984e-12
2.446710965365574505e-12
4.908530003011500752e-13
-4.015840085841054837e-09
-2.897283344943978427e-09
1.338527265256751584e-10
2.834470209715298846e-10
6.437243953580346189e-11
6.310274176759599276e-12
3.156775520754922876e-12
6.333056139694641905e-13
-4.914363984086548424e-09
-3.545395849131519190e-09
1.648297018684309882e-10
3.478982517266396142e-10
7.902319673852935166e-11
7.746317382225836397e-12
3.875171502117471694e-12
7.774306127895781413e-13
-5.816566534530235317e-09
-4.196075967572312467e-09
1.965568980379595998e-10
4.132383475641653746e-10
9.388422073050347415e-11
9.202889141606889223e-12
4.603838022054655783e-12
9.236172531279110720e-13
-6.723125262710538626e-09
-4.849794570320249539e-09
2.291808805768303107e-10
4.796390807818303801e-10
1.089963223862519948e-10
1.068397266996840947e-11
5.344767925221802815e-12
1.072265579747762568e-12
-7.634721940437276040e-09
-5.507024458209241954e-09
2.628534416272626307e-10
5.472774506250375336e-10
1.244016394501212913e-10
1.219368008765363007e-11
6.100018544541068060e-12
1.223788596304667931e-12
-8.552043130108214513e-09
-6.168240523703716528e-09
2.977324999398447224e-10
6.163365520566090240e-10
1.401438695796036693e-10
1.373627507065189936e-11
6.871723037728633309e-12
1.378614539866081190e-12
-9.475780711590938998e-09
-6.833919935615994508e-09
3.339830724166285755e-10
6.870065505434267723e-10
1.562685160375790898e-10
1.531619666430639423e-11
7.662102339724225632e-12
1.537189263324497339e-12
-1.040663235813117673e-08
-7.504542213831718497e-09
3.717782746320363565e-10
7.594856584666889363e-10
1.728231489779562888e-10
1.693808466319617661e-11
8.473477778985400909e-12
1.699978818970821395e-12
-1.134530195209552094e-08
-8.180589324804360998e-09
4.113004045436405385e-10
8.339812169599157290e-10
1.898576833994647928e-10
1.860680656078126287e-11
9.308284680243286936e-12
1.867472140663313086e-12
-1.229249990862573589e-08
-8.862545620754311063e-09
4.527420863086804958e-10
9.107108011042997643e-10
2.074246778031360988e-10
2.032748653234994066e-11
1.016908677205743825e-11
2.040183947130639858e-12
-1.324894344970672417e-08
-9.550897737271201093e-09
4.963075205916155292e-10
9.899034174566770747e-10
2.255796547467929827e-10
2.210553651159306587e-11
1.105859174484712021e-11
2.218657903874737101e-12
-1.421535676277487875e-08
-1.024613441133327376e-08
5.422137788466783234e-10
1.071800814965136583e-09
2.443814479383888441e-10
2.394668977976951522e-11
1.197966813549001384e-11
2.403469977985453201e-12
-1.519247104573203930e-08
-1.094874614734863992e-08
5.906922450134080046e-10
1.156658842065611249e-09
2.638925764517735774e-10
2.585703734635605527e-11
1.293536341979038811e-11
2.595232082686829919e-12
-1.618102440626665640e-08
-1.165922479788589103e-08
6.419901583064927235e-10
1.244748942551267271e-09
2.841796545443563572e-10
2.784306744247648796e-11
1.392892385835848539e-11
2.794596097480409871e-12
-1.718176163543575375e-08
-1.237806294965112941e-08
6.963722664551000367e-10
1.336359746072027445e-09
3.053138332162936547e-10
2.991170856516166078e-11
1.496381603391246163e-11
3.002258145647342815e-12
-1.819543379322115673e-08
-1.310575321723066593e-08
7.541226305650933037e-10
1.431798824379393059e-09
3.273712882162417075e-10
3.207037640215370332e-11
1.604375027981649613e-11
3.218963342497380325e-12
-1.922279756072388078e-08
-1.384278725653194366e-08
8.155465960014737420e-10
1.531394543040764303e-09
3.504337479927402143e-10
3.432702523616215963e-11
1.717270643966628202e-11
3.445510974759890314e-12
-2.026461435726438464e-08
-1.458965459132427433e-08
8.809728958564818120e-10
1.635498106291199699e-09
3.745890766788575697e-10
3.669020418337838045e-11
1.835496198724851156e-11
3.682760077418803736e-12
-2.132164921550354310e-08
-1.534684120022442474e-08
9.507559931397561860e-10
1.744485747107646904e-09
3.999319126677694159e-10
3.916911893130959154e-11
1.959512298985996236e-11
3.931635828608579875e-12
-2.239466927810998708e-08
-1.611482783101754291e-08
1.025278572118907552e-09
1.858761125814015048e-09
4.265643690685279912e-10
4.177369975666194450e-11
2.089815801293850059e-11
4.193136182296404942e-12
-2.348444197322421882e-08
-1.689408791447140454e-08
1.104954261996005376e-09
1.978757932285111652e-09
4.545968068776243001e-10
4.451467601860892191e-11
2.226943551673699631e-11
4.468339497230623176e-12
-2.459173270873241861e-08
-1.768508513259780311e-08
1.190230667066280936e-09
2.104942665608598295e-09
4.841486851999626027e-10
4.740365862608411107e-11
2.371476515866838507e-11
4.758412805044903993e-12
-2.571730212332108677e-08
-1.848827060926878384e-08
1.281592554388691632e-09
2.237817765794231427e-09
5.153494986864866420e-10
5.045323070116120475e-11
2.524044289675873346e-11
5.064620949905463136e-12
-2.686190270944066826e-08
-1.930407949581938207e-08
1.379565400164613911e-09
2.377924839303108240e-09
5.483398133914693305e-10
5.367704757511712521e-11
2.685330150953201816e-11
5.388336539249437781e-12
-2.802627485892812569e-08
-2.013292713190180912e-08
1.484719214541147958e-09
2.525848332519984358e-09
5.832724082757044550e-10
5.708994767908366444e-11
2.856076555682447950e-11
5.731051368188836798e-12
-2.921114209151655139e-08
-2.097520445202289736e-08
1.597672677044037068e-09
2.682219397520925728e-09
6.203135345873789748e-10
6.070807428601233009e-11
3.037091270117057793e-11
6.094388430379071659e-12
-3.041720547828761204e-08
-2.183127272473414422e-08
1.719097653836054913e-09
2.847720113310663470e-09
6.596443134936052557e-10
6.454901088526661470e-11
3.229254123025697346e-11
6.480115460122713479e-12
-3.164513705227644206e-08
-2.270145749398976309e-08
1.849724046641905979e-09
3.023088041644939748e-09
7.014622698360772614e-10
6.863193003979126726e-11
3.433524477356959807e-11
6.890160853359533354e-12
-3.289557212665106762e-08
-2.358604161416119007e-08
1.990345049523533557e-09
3.209121132998181526e-09
7.459830328252574025e-10
7.297775875067850451e-11
3.650949472410554318e-11
7.326628505945108011e-12
-3.416910030891153800e-08
-2.448525709399452791e-08
2.141822781018735304e-09
3.406682994348059947e-09
7.934422102696969897e-10
7.760936022968242280e-11
3.882673169506076912e-11
7.791817880815300838e-12
-3.546625519081383838e-08
-2.539927603503445395e-08
2.305094333551205074e-09
3.616708534923608839e-09
8.440974553032566613e-10
8.255173596458567966e-11
4.129946614206795116e-11
8.288243723146922731e-12
-3.678750221361074254e-08
-2.632820006235741097e-08
2.481178218755443736e-09
3.840209969036338297e-09
8.982307432339276390e-10
8.783224762816129984e-11
4.394138981238865164e-11
8.818658197737944640e-12
-3.813322481088604784e-08
-2.727204833182902469e-08
2.671181218509446105e-09
4.078283195723269738e-09
9.561508754173691997e-10
9.348086296267121031e-11
4.676749858730565414e-11
9.386075962689403781e-12
-3.950370844256382308e-08
-2.823074395711539116e-08
2.876305580178434567e-09
4.332114497734126102e-09
1.018196227722205379e-09
9.953042577706146536e-11
4.979422789381974385e-11
9.993801430488104764e-12
-4.089912231451797143e-08
-2.920409861914699083e-08
3.097856546300409097e-09
4.602987539082182980e-09
1.084737759820158805e-09
1.060169541742342987e-10
5.303960161905644600e-11
1.064545871202172019e-11
-4.231949832352786377e-08
-3.019179503613125656e-08
3.337250144342568796e-09
4.892290596474266771e-09
1.156182298990373063e-09
1.129799670080868480e-10
5.652339591029715918e-11
1.134502472108518798e-11
-4.376470729936241197e-08
-3.119336750942483285e-08
3.596021094746197593e-09
5.201523906601015074e-09
1.232976109442896398e-09
1.204628423548686924e-10
6.026731850600716864e-11
1.209686523559864217e-11
-4.523443161299265677e-08
-3.220817982980230569e-08
3.875830740644337542e-09
5.532307003607116039e-09
1.315608750985147484e-09
1.285132084673723177e-10
6.429520453477915246e-11
1.290577456751361162e-11
-4.672813470091877418e-08
-3.323540060511432352e-08
4.178474796540740011e-09
5.886385866730592601e-09
1.404617223165148171e-09
1.371833696165177547e-10
6.863322974155646809e-11
1.377701849648562072e-11
-4.824502603291556921e-08
-3.427397606087441696e-08
4.505890532110371133e-09
6.265639618731776041e-09
1.500590377802986706e-09
1.465307663108436948e-10
7.331014103815807495e-11
1.471638084852032416e-11
-4.978402220280523558e-08
-3.532259943346123528e-08
4.860163293517168108e-09
6.672086402793298305e-09
1.604173564552920576e-09
1.566184703800253397e-10
7.835750494868814054e-11
1.573021371110032195e-11
-5.134370311546127226e-08
-3.637967767843826382e-08
5.243531537619491886e-09
7.107888042672262291e-09
1.716073449909781182e-09
1.675157127809489324e-10
8.380997194450897889e-11
1.682549102943865664e-11
-5.292226314258608210e-08
-3.744329481723756502e-08
5.658390129440481695e-09
7.575352925859603205e-09
1.837062915260791975e-09
1.792984400801743467e-10
8.970555588960765474e-11
1.800986462441748351e-11
-5.451745720949476079e-08
-3.851117231037803978e-08
6.107290903272953287e-09
8.076936304461942594e-09
1.967985892415515079e-09
1.920498913387042692e-10
9.608592328678214180e-11
1.929172332593901238e-11
-5.612654115670255061e-08
-3.958062587249568254e-08
6.592939622318194497e-09
8.615237172993842633e-09
2.109761936417843403e-09
2.058611844208690164e-10
1.029966889388353975e-10
2.068025285167807369e-11
-5.774620674146892433e-08
-4.064852032543266701e-08
7.118188097170981940e-09
9.192990517854339767e-09
2.263390250781516991e-09
2.208318930109650567e-10
1.104877059686691046e-10
2.218549382403967118e-11
-5.937251116444094943e-08
-4.171122144158094980e-08
7.686020018601252042e-09
9.813053491580708006e-09
2.429952771404098562e-09
2.370705868999823333e-10
1.186133391745527254e-10
2.381839782643541355e-11
-6.100080135352837543e-08
-4.276454668021375923e-08
8.299528551748890736e-09
1.047838375013826853e-08
2.610615791103923698e-09
2.546952966001995984e-10
1.274327005851517538e-10
2.559087467930637725e-11
-6.262563397903617631e-08
-4.380371515048643254e-08
8.961883487870523301e-09
1.119200774610187022e-08
2.806629413929240169e-09
2.738338462622764669e-10
1.370098214513449173e-10
2.751582709962256072e-11
-6.424069206799604009e-08
-4.482329888347501725e-08
9.676285392612541014e-09
1.195697636823219629e-08
3.019323921414522647e-09
2.946239780969951681e-10
1.474137189852356204e-10
2.960716376341788511e-11
-6.583869960081938692e-08
-4.581717701911049209e-08
1.044590329754605653e-08
1.277630471438334992e-08
3.250101869434549706e-09
3.172131618001814809e-10
1.587183087183757576e-10
3.187978065750266232e-11
-6.741133671619335127e-08
-4.677849557744260227e-08
1.127379233465114068e-08
1.365289242201858541e-08
3.500424407397600659e-09
3.417579466171266856e-10
1.710020876261424300e-10
3.434949481577924125e-11
-6.894915811095608328e-08
-4.769963650675843145e-08
1.216278697797978312e-08
1.458942017718374060e-08
3.771789919937943582e-09
3.684226683787572345e-10
1.843474960646001861e-10
3.703291473555748899e-11
-7.044151888083279276e-08
-4.857219949973931453e-08
1.311536509263785686e-08
1.558821765924984571e-08
4.065702741226069785e-09
3.973772663870324712e-10
1.988398346924032444e-10
3.994721292065760658e-11
-7.187651211652460760e-08
-4.938700217951668018e-08
1.413347747819908576e-08
1.665109762959998260e-08
4.383629129104060971e-09
4.287939021948936432e-10
2.145655788755411151e-10
4.310978305875393878e-11
-7.324092478040412077e-08
-5.013410373746657585e-08
1.521833764190427775e-08
1.777915086918847183e-08
4.726937451402952736e-09
4.628420056784636345e-10
2.316099091920565084e-10
4.653773129331252970e-11
-7.452021840593854639e-08
-5.080285892798653574e-08
1.637016667116297064e-08
1.897249646160004310e-08
5.096818982727726287e-09
4.996812962044750136e-10
2.500532144602916175e-10
5.024715581835382001e-11
-7.569854234733679337e-08
-5.138200841022174792e-08
1.758788885150905888e-08
2.022998281441170077e-08
5.494185722963391489e-09
5.394522774162275890e-10
2.699663308912969203e-10
5.425217586775029508e-11
-7.675878764725960551e-08
-5.185981299306232283e-08
1.886877522275626099e-08
2.154883668566424777e-08
5.919541689719540994e-09
5.822636684007782466e-10
2.914042354584849575e-10
5.856363842480843514e-11
-7.768268997549632478e-08
-5.222423419532171480e-08
2.020803606830723786e-08
2.292425932658131558e-08
6.372824931782322925e-09
6.281762574996049408e-10
3.143979361389837837e-10
6.318746104031384108e-11
-7.845098744195039674e-08
-5.246316853766394911e-08
2.159836677237006025e-08
2.434897422199116261e-08
6.853218531837923258e-09
6.771827635255114168e-10
3.389443344753318966e-10
6.812257438960366399e-11
-7.904363765657106064e-08
-5.256472934322030869e-08
2.302945854812595321e-08
2.581273586562585232e-08
7.358931454885516870e-09
7.291835031554712541e-10
3.649940005383616418e-10
7.335844131204830661e-11
-7.944009294314188953e-08
-5.251757192410302564e-08
2.448749429935346231e-08
2.730181781910473884e-08
7.886953111712451993e-09
7.839580177319409873e-10
3.924368702401317792e-10
7.887216636278711354e-11
-7.961962707832484990e-08
-5.231124616686972250e-08
2.595466032119821617e-08
2.879850816776263482e-08
8.432790250719634178e-09
8.411333524502873379e-10
4.210863098938259328e-10
8.462529786704341763e-11
-7.956169733925147282e-08
-5.193655109248317615e-08
2.740871731463591704e-08
3.028065253859691082e-08
8.990200342209194378e-09
9.001503569663308092e-10
4.506621245140380366e-10
9.056043739134388680e-11
-7.924631489817029284e-08
-5.138585456036006674e-08
2.882268707526383604e-08
3.172129738529073236e-08
9.550942292529566879e-09
9.602302796895441321e-10
4.807737696174715951e-10
9.659791495060201416e-11
-7.865439298150455281e-08
-5.065333619884512515e-08
3.016472344835791858e-08
3.308849835095115920e-08
1.010457204690852683e-08
1.020344799368966549e-09
5.109053076118365559e-10
1.026328606688341211e-10
-7.776802498720500814e-08
-4.973509568835415135e-08
3.139824431418611882e-08
3.434536767886406685e-08
1.063831695630652258e-08
1.079193611168002006e-09
5.404041938204596666e-10
1.085330832640872995e-10
-7.657065314684715378e-08
-4.862908180294998529e-08
3.248240188986605814e-08
3.545043592703582404e-08
1.113706705108749247e-08
1.135194293961324287e-09
5.684762297216491156e-10
1.141381934671610335e-10
-7.504708976764004835e-08
-4.733479327199948161e-08
3.337295857471222228e-08
3.635840041735771908e-08
1.158352101218112212e-08
1.186489604475002013e-09
5.941893550163436555e-10
1.192605815080833382e-10
-7.318337690445127424e-08
-4.585274512460148649e-08
3.402361184820340704e-08
3.702130730441497209e-08
1.195852074172214719e-08
1.230976692929962819e-09
6.164885138733340044e-10
1.236885781213220712e-10
-7.096650423116630622e-08
-4.418371939119055329e-08
3.438777018923937895e-08
3.739018749511595957e-08
1.224159861141596013e-08
1.266362051537277729e-09
6.342233413224967744e-10
1.271921974343612742e-10
-6.838405076379924955e-08
-4.232788080616800323e-08
3.442072566584668649e-08
3.741711474051086475e-08
1.241174014307539940e-08
1.290243484357949644e-09
6.461895201804279966e-10
1.295315491702453505e-10
-6.542387373852993910e-08
-4.028389963868081141e-08
3.408210806832097780e-08
3.705759877377972242e-08
1.244834500149781480e-08
1.300217873093070371e-09
6.511830150638499771e-10
1.304677804489176918e-10
-6.207401471696263571e-08
-3.804826931833480151e-08
3.333843256491948139e-08
3.627316563097478038e-08
1.233234055215320180e-08
1.294010131981965612e-09
6.480647397790625968e-10
1.297760077835447337e-10
-5.832301415768482809e-08
-3.561504523033541245e-08
3.216550909213382239e-08
3.503392553287195470e-08
1.204737623834660205e-08
1.269615368746815228e-09
6.358318475405054578e-10
1.272594097925388280e-10
-5.416082189128321590e-08
-3.297621562728582258e-08
3.055045314940500596e-08
3.332089769758171419e-08
1.158100606358837457e-08
1.225443007690816574e-09
6.136900458875631132e-10
1.227634297523309581e-10
-4.958041836759592639e-08
-3.012284711056886059e-08
2.849305737610385146e-08
3.112785979874143892e-08
1.092575614226634655e-08
1.160451615478703397e-09
5.811204817125472013e-10
1.161887951548656822e-10
-4.458012670574313999e-08
-2.704702406908562677e-08
2.600634980913288500e-08
2.846252934809417539e-08
1.007997532370835657e-08
1.074259783936128215e-09
5.379352813591321619e-10
1.075021660050984831e-10
-3.916643854921134760e-08
-2.374442736787158833e-08
2.311627136614353772e-08
2.534695576626127256e-08
9.048386723626523470e-09
9.672237539341341194e-10
4.843159305728299193e-10
9.674334965498345941e-11
-3.335698189945582570e-08
-2.021721328873303092e-08
1.986053544264872673e-08
2.181710045333221356e-08
7.842286214959487184e-09
8.404735680808799481e-10
4.208308692801737119e-10
8.402836920123970633e-11
-2.718311707728586710e-08
-1.647670203275454259e-08
1.628686247599995311e-08
1.792168304620819645e-08
6.479369119393001156e-09
6.959036470679298692e-10
3.484304090793626315e-10
6.954813707546669756e-11
-2.069157741347266639e-08
-1.254531733807971055e-08
1.245086790146669317e-08
1.372045662701593692e-08
4.983204458388045360e-09
5.361189730181620954e-10
2.684195425060865175e-10
5.356284329688877690e-11
-1.394464398502127365e-08
-8.457270154114067296e-09
8.413910399614464016e-09
9.282115638060061091e-09
3.382405872088187795e-09
3.643415858146094151e-10
1.824110385899081560e-10
3.639256102498056526e-11
-7.018534541726745855e-09
-4.257665881032734675e-09
4.241155967605733473e-09
4.682036651551150863e-09
1.709562389268009818e-09
1.842842580709429625e-10
9.226224634399117838e-11
1.840483056411577006e-11
-4.908227344868372200e-23
-2.977745926887113044e-23
2.967339985455771379e-23
3.276579176153682933e-23
1.197188949955991249e-23
1.549760333402763809e-23
6.578634468785281176e-20
2.249467558807071850e-21
