1.362640603204893540e-23
5.752197200657393450e-24
-1.978844338655036668e-24
-6.951838822440492660e-24
-2.660324322693894402e-24
-9.568160463373094698e-25
2.986472036060398122e-21
4.799181252071109980e-25
-4.533346471888259837e-09
-2.597141043803705746e-09
3.138461864185377510e-09
3.260928402914543317e-09
1.091825943714911817e-09
1.147815852969795087e-10
5.744469921515706622e-11
1.147653492014065740e-11
-8.758262611031491486e-09
-5.010022246808460430e-09
6.068756672123236451e-09
6.292396891621969149e-09
2.098007809207944621e-09
2.202762470953202347e-10
1.102426616588873727e-10
2.202818989490091540e-11
-1.264366352938898356e-08
-7.224481058274047971e-09
8.748215403680928074e-09
9.050464383213667261e-09
3.002155159112399892e-09
3.146971582412528968e-10
1.575013600250155788e-10
3.147827309887345018e-11
-1.617153352080221532e-08
-9.234661698110464048e-09
1.114332177254005966e-08
1.150185594381920118e-08
3.792383141209922062e-09
3.967660352381652370e-10
1.985820456229938042e-10
3.970001821451536546e-11
-1.933700262096484022e-08
-1.104293353800237835e-08
1.323037711698221265e-08
1.362456930495119338e-08
4.461505606465652374e-09
4.657328279135425731e-10
2.331095689038597314e-10
4.661850949619953681e-11
-2.214718571764685714e-08
-1.265887438285979273e-08
1.499577604204967894e-08
1.540790941001849953e-08
5.006950931796767160e-09
5.213634397530252386e-10
2.609662292445500470e-10
5.220951600192153246e-11
-2.461907076112775192e-08
-1.409756630199667401e-08
1.643585675578087635e-08
1.685196805159941479e-08
5.430426086334057935e-09
5.638985600465419197e-10
2.822713493887566591e-10
5.649557166185611533e-11
-2.677685854449912905e-08
-1.537754123350082783e-08
1.755630915422036180e-08
1.796660160120854403e-08
5.737372287026024387e-09
5.939892484744196314e-10
2.973492958794405649e-10
5.953978012524784747e-11
-2.864917129382465401e-08
-1.651872038714748346e-08
1.837116148428600000e-08
1.876999714110466537e-08
5.936269746425385448e-09
6.126160495039242586e-10
3.066891947118880653e-10
6.143800027696057304e-11
-3.026648697528696100e-08
-1.754062907102438982e-08
1.890141116801182096e-08
1.928694932604777651e-08
6.037857408908755951e-09
6.209993253046971670e-10
3.109002945636616609e-10
6.231014434923831224e-11
-3.165903986783614426e-08
-1.846106370138946603e-08
1.917340647137761312e-08
1.954698927648652205e-08
6.054332467424540655e-09
6.205082259271376486e-10
3.106666580929995493e-10
6.229129326095215635e-11
-3.285530269983182518e-08
-1.929527706509874762e-08
1.921711153818742504e-08
1.958251012125193925e-08
5.998590181990985724e-09
6.125754183558854087e-10
3.067045194501618377e-10
6.152330721196087081e-11
-3.388105050350371406e-08
-2.005564717753920857e-08
1.906439330365711023e-08
1.942701899337812004e-08
5.883551209101766877e-09
5.986225120470695228e-10
2.997249759816542229e-10
6.014743869403426204e-11
-3.475892762855116836e-08
-2.075173610160303274e-08
1.874745337718083445e-08
1.911361836570410158e-08
5.721608930700797801e-09
5.799995630784318183e-10
2.904038068647611209e-10
5.829830546592383184e-11
-3.550839314760625658e-08
-2.139061196098229566e-08
1.829749838010975897e-08
1.867378207621232443e-08
5.524212986379374805e-09
5.579407236341171472e-10
2.793591006240426085e-10
5.609938730947596520e-11
-3.614592207828063414e-08
-2.197731231031629962e-08
1.774370482603058819e-08
1.813645510367473554e-08
5.301590866484287223e-09
5.335354998307768511e-10
2.671368127575272125e-10
5.366007618409690738e-11
-3.668533977484871294e-08
-2.251534174740583490e-08
1.711249526333145273e-08
1.752747118188349061e-08
5.062594448620520158e-09
5.077143674861364156e-10
2.542034345327663693e-10
5.107412332408647512e-11
-3.713820670832161842e-08
-2.300713669542920942e-08
1.642711163025552185e-08
1.686925718456997433e-08
4.814655833091258562e-09
4.812463782904470838e-10
2.409447091163147722e-10
4.841929981626661880e-11
-3.751419302364209867e-08
-2.345445184521734631e-08
1.570744741580330543e-08
1.618077626346984557e-08
4.563826589348126107e-09
4.547459992628169721e-10
2.276689703698124063e-10
4.575797778617411673e-11
-3.782141157218056985e-08
-2.385865393118861268e-08
1.497008735803673291e-08
1.547765399868957410e-08
4.314877645091311690e-09
4.286863834744398133e-10
2.146137165793002213e-10
4.313837753149030343e-11
-3.806669719763000389e-08
-2.422092566743595080e-08
1.422849922932153645e-08
1.477243210641559161e-08
4.071437032361952571e-09
4.034164725494035597e-10
2.019541460138896940e-10
4.059622440602734744e-11
-3.825583189347916277e-08
-2.454239181571400120e-08
1.349332526845195505e-08
1.407490017876756400e-08
3.836146588031079505e-09
3.791797992876763271e-10
1.898125511443449241e-10
3.815658974831596179e-11
-3.839372444576422834e-08
-2.482418847961522238e-08
1.277272729001352495e-08
1.339246337494622181e-08
3.610822755712856514e-09
3.561333127715181699e-10
1.782677456175526558e-10
3.583575467911460490e-11
-3.848455271061569008e-08
-2.506748950780781828e-08
1.207274980724830871e-08
1.273051476747197523e-08
3.396610688717659421e-09
3.343650608030577215e-10
1.673639347151724869e-10
3.364298027872716785e-11
-3.853187892817630612e-08
-2.527350885647549902e-08
1.139767454790864443e-08
1.209278974778969016e-08
3.194124819492092176e-09
3.139100129716798490e-10
1.571186565466328427e-10
3.158209650979485979e-11
-3.853874490786449406e-08
-2.544348934957135293e-08
1.075034902781988962e-08
1.148168858119421571e-08
3.003571996852863991e-09
2.947636537423019367e-10
1.475296106936430571e-10
2.965287561813262121e-11
-3.850775312237956552e-08
-2.557868660759306437e-08
1.013247922879970574e-08
1.089855962767713979e-08
2.824855916558961455e-09
2.768932850231744110e-10
1.385803363336058844e-10
2.785218311812173669e-11
-3.844113698937552735e-08
-2.568035307634653618e-08
9.544882033453639915e-09
1.034394120965914613e-08
2.657663037701017750e-09
2.602470780421346024e-10
1.302447782381087081e-10
2.617490093422017153e-11
-3.834082275803901559e-08
-2.574972511120234062e-08
8.987697339798921940e-09
9.817762393118672241e-09
2.501531531804395385e-09
2.447611910502960055e-10
1.224908470074099222e-10
2.461465796235922711e-11
-3.820848387392080927e-08
-2.578801356576351729e-08
8.460562183919239835e-09
9.319506895078943771e-09
2.355905168150154258e-09
2.303651301791251295e-10
1.152831263950431300e-10
2.316438010017821456e-11
-3.804558877673466181e-08
-2.579639853521014167e-08
7.962750811548040104e-09
8.848343674956317423e-09
2.220174408394500536e-09
2.169857021890435007e-10
1.085848558381821593e-10
2.181669975141300380e-11
-3.785344219118526582e-08
-2.577602673559717725e-08
7.493285430498544229e-09
8.403229362782175861e-09
2.093706931555189687e-09
2.045498184767097630e-10
1.023593403208536430e-10
2.056424499122377131e-11
-3.763322023109417345e-08
-2.572801146090726146e-08
7.051022241065162509e-09
7.982987088901134002e-09
1.975869657800447608e-09
1.929864037785743119e-10
9.657090812685025667e-11
1.939983902806505526e-11
-3.738599968715484756e-08
-2.565343378719969514e-08
6.634717034383679868e-09
7.586366073769760460e-09
1.866044096715455588e-09
1.822276238110553516e-10
9.118552361348688085e-11
1.831662679541486259e-11
-3.711278184884402533e-08
-2.555334445952223722e-08
6.243074531678355405e-09
7.212085817055200677e-09
1.763636540748186120e-09
1.722096086794656187e-10
8.617115098401898385e-11
1.730815186426847840e-11
-3.681451126742727572e-08
-2.542876585802668396e-08
5.874784718086902665e-09
6.858868168149010736e-09
1.668084406980101818e-09
1.628728132240320371e-10
8.149793099624084301e-11
1.636839409832784251e-11
-3.649209042110744810e-08
-2.528069390488520286e-08
5.528549049334755304e-09
6.525459961571151562e-09
1.578859713980490524e-09
1.541621237489851403e-10
7.713823435254726540e-11
1.549178152526833259e-11
-3.614639011992357661e-08
-2.511009940651870247e-08
5.203098864239367891e-09
6.210648485757527896e-09
1.495470522606841758e-09
1.460267940734578352e-10
7.306662671141685723e-11
1.467318437842504148e-11
-3.577825714442320413e-08
-2.491792881359828909e-08
4.897207880118327725e-09
5.913271457083477878e-09
1.417460941084069859e-09
1.384202722382513590e-10
6.925978061862331021e-11
1.390789792091785495e-11
-3.538851900391440624e-08
-2.470510469225939321e-08
4.609700229041749627e-09
5.632223028041358598e-09
1.344410162976585035e-09
1.312999614804118157e-10
6.569635445072546063e-11
1.319161816428226083e-11
-3.497798670560098353e-08
-2.447252542226444408e-08
4.339455181039475544e-09
5.366456754103282258e-09
1.275930885768344776e-09
1.246269475493998328e-10
6.235685420573094478e-11
1.252041426643826869e-11
-3.454745578689069735e-08
-2.422106480582793718e-08
4.085409485120223195e-09
5.114986513560391633e-09
1.211667362209850065e-09
1.183657126292482155e-10
5.922348993998229680e-11
1.189069954902722788e-11
-3.409770638549072701e-08
-2.395157101676533362e-08
3.846557944039684924e-09
4.876885865759657223e-09
1.151293259635190299e-09
1.124838505345188725e-10
5.628003199922361748e-11
1.129920240053015889e-11
-3.362950209889560716e-08
-2.366486583930209455e-08
3.621952770372616765e-09
4.651286421854217728e-09
1.094509458426785659e-09
1.069517921186473783e-10
5.351167263273339861e-11
1.074293831262996843e-11
-3.314358862475764816e-08
-2.336174333144494698e-08
3.410702117727397939e-09
4.437375519104249975e-09
1.041041870302133107e-09
1.017425457437097309e-10
5.090489612302258749e-11
1.021918385593103876e-11
-3.264069183166254680e-08
-2.304296880095321308e-08
3.211968058299743554e-09
4.234393500293263418e-09
9.906393335506859284e-10
9.683145612711996985e-11
4.844735749879942594e-11
9.725451771788190704e-12
-3.212151586777143289e-08
-2.270927766938359632e-08
3.024964150993772663e-09
4.041630765574385353e-09
9.430716198919761168e-10
9.219598252245879993e-11
4.612777116083783117e-11
9.259468833637452322e-12
-3.158674090908753393e-08
-2.236137448904449517e-08
2.848952910539165120e-09
3.858424714636770118e-09
8.981275697343167323e-10
8.781549572837965675e-11
4.393580900477951723e-11
8.819154757172693072e-12
-3.103702153951242650e-08
-2.199993206867543616e-08
2.683243099058695022e-09
3.684156715834053833e-09
8.556133667416267148e-10
8.367109481244084065e-11
4.186200854793534672e-11
8.402604134045447513e-12
-3.047298470895308305e-08
-2.162559081276421392e-08
2.527187044983988064e-09
3.518249125641695757e-09
8.153509509200828955e-10
7.974543985775188297e-11
3.989768912933292927e-11
8.008069186867467507e-12
-2.989522829788427945e-08
-2.123895805258059489e-08
2.380178016617111103e-09
3.360162408489733936e-09
7.771765671292115964e-10
7.602260211179231187e-11
3.803487704566123685e-11
7.633944706696768179e-12
-2.930431977521220772e-08
-2.084060782315991418e-08
2.241647644861413087e-09
3.209392413614681257e-09
7.409394435249256607e-10
7.248792929927491489e-11
3.626623739421919708e-11
7.278754286417792406e-12
-2.870079495985903340e-08
-2.043108062875822638e-08
2.111063444191076390e-09
3.065467781412094291e-09
7.065005904768582829e-10
6.912792282840039426e-11
3.458501327872271155e-11
6.941138086962334776e-12
-2.808515727799647148e-08
-2.001088335435533558e-08
1.987926474003061136e-09
2.927947507253726326e-09
6.737317117033252262e-10
6.593012932050804891e-11
3.298497104479199085e-11
6.619841674232946240e-12
-2.745787709642130793e-08
-1.958048940578664898e-08
1.871769100920577330e-09
2.796418668320681719e-09
6.425142182459784708e-10
6.288304169508053877e-11
3.146035090263895763e-11
6.313704843478578348e-12
-2.681939124841483735e-08
-1.914033901647505241e-08
1.762152866609340476e-09
2.670494296549012901e-09
6.127383359361850491e-10
5.997601090505176359e-11
3.000582256273635407e-11
6.021659156101575332e-12
-2.617010284334615844e-08
-1.869083955762619105e-08
1.658666529316800380e-09
2.549811397322330681e-09
5.843022978341490041e-10
5.719916573514867497e-11
2.861644530567636562e-11
5.742706825446823396e-12
-2.551038123394883291e-08
-1.823236605872051434e-08
1.560924164003713341e-09
2.434029109269506963e-09
5.571116133509011018e-10
5.454334143498857316e-11
2.728763197253842444e-11
5.475926470710195357e-12
-2.484056209154560692e-08
-1.776526175389555795e-08
1.468563418609020400e-09
2.322826996275794454e-09
5.310784062364978264e-10
5.200001437948793383e-11
2.601511645462593113e-11
5.220460146449966829e-12
-2.416094767914004876e-08
-1.728983877593322594e-08
1.381243862993599837e-09
2.215903453723465467e-09
5.061208147093774505e-10
4.956124370918515436e-11
2.479492441365473732e-11
4.975508608811437745e-12
-2.347180721611592159e-08
-1.680637882055450191e-08
1.298645432842929364e-09
2.112974252752494468e-09
4.821624471162535557e-10
4.721961825136043149e-11
2.362334660655930109e-11
4.740326012404366913e-12
-2.277337733302213962e-08
-1.631513393536476591e-08
1.220467002438072152e-09
2.013771137142543324e-09
4.591318870343083554e-10
4.496820809119232665e-11
2.249691486090371801e-11
4.514215044069682982e-12
-2.206586260553274946e-08
-1.581632727011654619e-08
1.146424991785574151e-09
1.918040582429739884e-09
4.369622438504922602e-10
4.280052127849033524e-11
2.141238007060683582e-11
4.296522455689671930e-12
-2.134943617003380889e-08
-1.531015396035031717e-08
1.076252131421807727e-09
1.825542595638685760e-09
4.155907416120571377e-10
4.071046372216851827e-11
2.036669238534792696e-11
4.086635354381012859e-12
-2.062424040688670918e-08
-1.479678186209137302e-08
1.009696229803122841e-09
1.736049611429849866e-09
3.949583454172514270e-10
3.869230287092595764e-11
1.935698296444931682e-11
3.883976889179954545e-12
-1.989038753725254628e-08
-1.427635248138272350e-08
9.465190777434030966e-10
1.649345466276974607e-09
3.750094169453339068e-10
3.674063467505387600e-11
1.838054737165180772e-11
3.688003578540145695e-12
-1.914796042650277195e-08
-1.374898170255438040e-08
8.864953793684366266e-10
1.565224440767483223e-09
3.556914018139065506e-10
3.485035298649973198e-11
1.743483031325331528e-11
3.498201873038881642e-12
-1.839701324553866190e-08
-1.321476068270004129e-08
8.294117515305167493e-10
1.483490347167638581e-09
3.369545378247299208e-10
3.301662163077108732e-11
1.651741161520524706e-11
3.314085405516034364e-12
-1.763757221431933827e-08
-1.267375664637804333e-08
7.750658043350723320e-10
1.403955680314946296e-09
3.187515900816446503e-10
3.123484852251994924e-11
1.562599331493680021e-11
3.135192469293572474e-12
-1.686963629729260449e-08
-1.212601361385229068e-08
7.232652430767685139e-10
1.326440837469998656e-09
3.010376024095181740e-10
2.950066182393023401e-11
1.475838768749542260e-11
2.961083474857519076e-12
-1.609317793427526369e-08
-1.157155322473260685e-08
6.738270342409481173e-10
1.250773352200164199e-09
2.837696691736608592e-10
2.780988781751014563e-11
1.391250615431883706e-11
2.791338829637341553e-12
-1.530814370557819004e-08
-1.101037543385110715e-08
6.265765995518663968e-10
1.176787187505991641e-09
2.669067205848643908e-10
2.615853006529719611e-11
1.308634896334912723e-11
2.625556768806594346e-12
-1.451445501757023728e-08
-1.044245922536008630e-08
5.813470783658535007e-10
1.104322063359829435e-09
2.504093239172594645e-10
2.454275034600695645e-11
1.227799544683937498e-11
2.463351478242453129e-12
-1.371200871367081904e-08
-9.867763300754177032e-09
5.379785951727319425e-10
1.033222803853628029e-09
2.342394946941934823e-10
2.295885027339389981e-11
1.148559504093964419e-11
2.304351245359337722e-12
-1.290067774100084059e-08
-9.286226711839933117e-09
4.963175685006971197e-10
9.633387303451068169e-10
2.183605206023296308e-10
2.140325433721068730e-11
1.070735859665239332e-11
2.148196699557375763e-12
-1.208031168445842085e-08
-8.697769498356902171e-09
4.562160597604826444e-10
8.945230640764813150e-10
2.027367931032344340e-10
1.987249349429215638e-11
9.941550334542104291e-12
1.994539240576523871e-12
-1.125073736858163716e-08
-8.102293228220394390e-09
4.175311225427080491e-10
8.266323478526843071e-10
1.873336471386520719e-10
1.836318983902625985e-11
9.186480056420495012e-12
1.843039418624935035e-12
-1.041175937084409720e-08
-7.499681619996874991e-09
3.801241905073431412e-10
7.595259104539917114e-10
1.721172082921081962e-10
1.687204158202936365e-11
8.440495706184031919e-12
1.693365471253109414e-12
-9.563160506783841425e-09
-6.889801023110363634e-09
3.438604782874934657e-10
6.930653024118614015e-10
1.570542440775833220e-10
1.539580889250650679e-11
7.701976215514979325e-12
1.545191874292150767e-12
-8.704702339131625400e-09
-6.272500935249579550e-09
3.086083989991196159e-10
6.271137800271419713e-10
1.421120211719833196e-10
1.393129984503558320e-11
6.969324522632487737e-12
1.398197942985359032e-12
-7.836125614324622660e-09
-5.647614506675117472e-09
2.742389769717111455e-10
5.615357814145210601e-10
1.272581655885405850e-10
1.247535695784233149e-11
6.240960817614612985e-12
1.252066468961776732e-12
-6.957150666896130893e-09
-5.014958978162306832e-09
2.406252898707676945e-10
4.961964110991086248e-10
1.124605232884111546e-10
1.102484379218950285e-11
5.515315809331234223e-12
1.106482370384745272e-12
-6.067477853490521815e-09
-4.374336104357960950e-09
2.076419054737058133e-10
4.309609004000527781e-10
9.768702634927026992e-11
9.576631761985625699e-12
4.790824186461827718e-12
9.611313747471999442e-13
-5.166787925354375612e-09
-3.725532618635667472e-09
1.751643144655123703e-10
3.656941430925136633e-10
8.290555524075321863e-11
8.127586959446935700e-12
4.065917971688746882e-12
8.156986832732757952e-13
-4.254742392989540572e-09
-3.068320622256592427e-09
1.430683753518570181e-10
3.002601234752789084e-10
6.808380418480156877e-11
6.674556980201798848e-12
3.339019940953270251e-12
6.698676542292594712e-13
-3.330983902938094263e-09
-2.402457996378532738e-09
1.112297336284460059e-10
2.345214100825007273e-10
5.318914306453883727e-11
5.214357588612424061e-12
2.608536964416442551e-12
5.233184591301542912e-13
-2.395136578707221060e-09
-1.727688799631220846e-09
7.952325063431213317e-11
1.683386241710978807e-10
3.818847813006999575e-11
3.743759166785084475e-12
1.872853216544598033e-12
3.757267185130142485e-13
-1.446806377051894481e-09
-1.043743675987591291e-09
4.782241532551740817e-11
1.015698756547258142e-10
2.304810909175537240e-11
2.259472897122476466e-12
1.130323255773594490e-12
2.267620987678747803e-13
-4.855814578761682641e-10
-3.503402579461776152e-10
1.599874593431413643e-11
3.407021010032076527e-11
7.733582434084859678e-12
7.581364587360907381e-13
3.792648850046653252e-13
7.608694985773478037e-14
4.889674575632677509e-10
3.528163967576142480e-10
-1.607885341378707632e-11
-3.430898879743508752e-11
-7.790460687083533444e-12
-7.637006694852931346e-13
-3.820482226899898022e-13
-7.664532065717297522e-14
1.477286690059028966e-09
1.066033394539527801e-09
-4.854472544323001811e-11
-1.037206003518470272e-10
-2.356044253304828961e-11
-2.309592574596957790e-12
-1.155394199486198043e-12
-2.317916460203200814e-13
2.479839190276255060e-09
1.789629503159580129e-09
-8.153714394593450858e-11
-1.743224060785662138e-10
-3.961401414917347685e-11
-3.883212949123268983e-12
-1.942611008194702342e-12
-3.897209848766317192e-13
3.497104080007100341e-09
2.523934680897511388e-09
-1.151990042291507242e-10
-2.462777479325398737e-10
-5.599022907838953663e-11
-5.488371937807759934e-12
-2.745604885310918539e-12
-5.508160015871678281e-13
4.529576166697988554e-09
3.269289521803290463e-09
-1.496785865711477839e-10
-3.197562405996588371e-10
-7.272972672175150690e-11
-7.129033924155803429e-12
-3.566359214798108188e-12
-7.154748518514492769e-13
5.577765375788639411e-09
4.026044665757518650e-09
-1.851303326071300411e-10
-3.949344877613488866e-10
-8.987492655430374100e-11
-8.809336334711564471e-12
-4.406943977379479618e-12
-8.841130784689025771e-13
6.642196140138777587e-09
4.794560140227520824e-09
-2.217156722951131694e-10
-4.719968894078519274e-10
-1.074702347149313093e-10
-1.053360972918478288e-11
-5.269525747906962474e-12
-1.057165622750175894e-12
7.723406674693209551e-09
5.575204634367366073e-09
-2.596039052776090379e-10
-5.511364508702331165e-10
-1.255622642789665506e-10
-1.230639904127817814e-11
-6.156378381909570860e-12
-1.235088965514207325e-12
8.821948198186296871e-09
6.368354668789717052e-09
-2.989731434194770027e-10
-6.325556437850722433e-10
-1.442000705523553910e-10
-1.413248649794705696e-11
-7.069894439688117706e-12
-1.418363433760962273e-12
9.938383996533379726e-09
7.174393728413902213e-09
-3.400113134661711010e-10
-7.164673999817299652e-10
-1.634354046174528355e-10
-1.601691609186542522e-11
-8.012597444569318707e-12
-1.607495651603213634e-12
1.107328838087097046e-08
7.993711138859835965e-09
-3.829172333985249755e-10
-8.030960489651782664e-10
-1.833229842273514803e-10
-1.796501980466703825e-11
-8.987155027185979262e-12
-1.803021191468303471e-12
1.222724547779678796e-08
8.826700973955575735e-09
-4.279017586204964928e-10
-8.926784172481280476e-10
-2.039207873826330983e-10
-1.998244608026660978e-11
-9.996393133927820699e-12
-2.005507429166726983e-12
1.340084782575938182e-08
9.673760705085135122e-09
-4.751890171262236617e-10
-9.854649697813869578e-10
-2.252903681697942115e-10
-2.207519036879619991e-11
-1.104331131475044793e-11
-2.215556590383554798e-12
1.459469481877771920e-08
1.053528971402994709e-08
-5.250177509136189381e-10
-1.081721028871809294e-09
-2.474971984517393297e-10
-2.424962808192239307e-11
-1.213109928292938714e-11
-2.433809136428919866e-12
1.580939087253979736e-08
1.141168755948303880e-08
-5.776427380705367917e-10
-1.181728094330099411e-09
-2.706110377525395119e-10
-2.651255059431024431e-11
-1.326315479729641513e-11
-2.660947288106029287e-12
1.704554329984865663e-08
1.230335208312706643e-08
-6.333363397517100949e-10
-1.285785239234722953e-09
-2.947063353969231017e-10
-2.887120380559941476e-11
-1.444310308286998161e-11
-2.897698995016273049e-12
1.830375996393434883e-08
1.321067720071754574e-08
-6.923901629630925937e-10
-1.394210648378952737e-09
-3.198626651643877759e-10
-3.133333038634461807e-11
-1.567481792945728622e-11
-3.144842179911911771e-12
1.958464650732752435e-08
1.413405045878205719e-08
-7.551168602433243238e-10
-1.507343217918398707e-09
-3.461651983194589997e-10
-3.390721545056808808e-11
-1.696244450226956826e-11
-3.403209111388705353e-12
2.088880324906617955e-08
1.507385019591703492e-08
-8.218520583540293696e-10
-1.625544323367768220e-09
-3.737052191736143610e-10
-3.660173624244554097e-11
-1.831042422033278956e-11
-3.673691844776588417e-12
2.221682159845066993e-08
1.603044239010811169e-08
-8.929564760502633645e-10
-1.749199675982093569e-09
-4.025806841783811128e-10
-3.942641611363140871e-11
-1.972352187010841799e-11
-3.957247249105388773e-12
2.356928000250319154e-08
1.700417706917384042e-08
-9.688181380698281764e-10
-1.878721357882077827e-09
-4.328968302283810174e-10
-4.239148351947797270e-11
-2.120685494712230881e-11
-4.254903092015085543e-12
2.494673932582183539e-08
1.799538427057948691e-08
-1.049854859366468973e-09
-2.014549921040871859e-09
-4.647668393957006440e-10
-4.550793584980028322e-11
-2.276592577272283690e-11
-4.567764542147328591e-12
2.634973761645053137e-08
1.900436949178049779e-08
-1.136516820825083110e-09
-2.157156819704263413e-09
-4.983125619590450746e-10
-4.878760937900328355e-11
-2.440665638520726584e-11
-4.897021073493262124e-12
2.777878411054873570e-08
2.003140847360803694e-08
-1.229289422196148296e-09
-2.307046753757936539e-09
-5.336653009882179226e-10
-5.224325510014648254e-11
-2.613542644943267791e-11
-5.243954161595820975e-12
2.923435254296559450e-08
2.107674148984147370e-08
-1.328696321748752168e-09
-2.464760409295457229e-09
-5.709666716528653697e-10
-5.588862151864432412e-11
-2.795911487479388015e-11
-5.609945646367318255e-12
3.071687350455638287e-08
2.214056680693015598e-08
-1.435302690647508490e-09
-2.630877214966611701e-09
-6.103695329020323891e-10
-5.973854467206367634e-11
-2.988514470697598722e-11
-5.996486743205681196e-12
3.222672588514386098e-08
2.322303335417864392e-08
-1.549718698861769388e-09
-2.806018407745253658e-09
-6.520390032445067091e-10
-6.380904630163192971e-11
-3.192153226297961621e-11
-6.405188976042898964e-12
3.376422705732352383e-08
2.432423258480743309e-08
-1.672603277291638130e-09
-2.990850186589116282e-09
-6.961535653030869164e-10
-6.811744061604192291e-11
-3.407694063786090799e-11
-6.837789855753022987e-12
3.532962208316326110e-08
2.544418923560000415e-08
-1.804668073549967007e-09
-3.186087093345942444e-09
-7.429062634371938965e-10
-7.268245012229374900e-11
-3.636073761546750545e-11
-7.296174697068858324e-12
3.692307135480338610e-08
2.658285107668152481e-08
-1.946681711021557003e-09
-3.392495565859625544e-09
-7.925060074184963798e-10
-7.752433186219142627e-11
-3.878305886024883310e-11
-7.782379180694649533e-12
3.854463687505501580e-08
2.774007752660780508e-08
-2.099474257337747263e-09
-3.610897655046507411e-09
-8.451789790627981382e-10
-8.266501404211773747e-11
-4.135487628986872282e-11
-8.298607989371807507e-12
4.019426672113657539e-08
2.891562679779062289e-08
-2.263941954931164163e-09
-3.842174939092890023e-09
-9.011701598488279771e-10
-8.812824427405647021e-11
-4.408807230933383665e-11
-8.847249881654650478e-12
4.187177788523317800e-08
3.010914177936360133e-08
-2.441052130852315880e-09
-4.087272457625115956e-09
-9.607449680821622548e-10
-9.393974944837142026e-11
-4.699551982195512269e-11
-9.430891438214682067e-12
4.357683690633177940e-08
3.132013418449103019e-08
-2.631848378784142919e-09
-4.347202886171164881e-09
-1.024191032185946978e-09
-1.001274087326669919e-10
-5.009116865934820008e-11
-1.005233706911100182e-11
4.530893841556898089e-08
3.254796723223435247e-08
-2.837455777656879869e-09
-4.623050654732014778e-09
-1.091820077917176593e-09
-1.067214394903801235e-10
-5.339013895288737120e-11
-1.071462626830823186e-11
4.706738124877092918e-08
3.379183626107343115e-08
-3.059086335399878485e-09
-4.915976077527276039e-09
-1.163969947518068197e-09
-1.137545962359054985e-10
-5.690882048885614658e-11
-1.142105456056040232e-11
4.885124195082816531e-08
3.505074743960535765e-08
-3.298044318577645699e-09
-5.227219379390597221e-09
-1.241006736321454604e-09
-1.212623834786121718e-10
-6.066497929828987099e-11
-1.217519296194241286e-11
5.065934537246778775e-08
3.632349456869669562e-08
-3.555731576746841847e-09
-5.558104497808365378e-09
-1.323327041570574516e-09
-1.292832817130644221e-10
-6.467787090818859557e-11
-1.298091536820724061e-11
5.249023246625964545e-08
3.760863340238164662e-08
-3.833652598701465294e-09
-5.910042533548700257e-09
-1.411360305562176334e-09
-1.378589855524715319e-10
-6.896835959595762504e-11
-1.384241698808061513e-11
5.434212457153044956e-08
3.890445368442054569e-08
-4.133419161885092465e-09
-6.284534629622574607e-09
-1.505571233964820504e-09
-1.470346534793223940e-10
-7.355904342727572443e-11
-1.476424361177263134e-11
5.621288449803499580e-08
4.020894909702777619e-08
-4.456754330611812968e-09
-6.683174093639547972e-09
-1.606462234201330837e-09
-1.568591662695465851e-10
-7.847438370399708738e-11
-1.575131633527686313e-11
5.809997403009154932e-08
4.151978438491035420e-08
-4.805495517183436262e-09
-7.107647441871636889e-09
-1.714575852035915455e-09
-1.673853915941358505e-10
-8.374083770641520119e-11
-1.680895861897932099e-11
6.000040766593206407e-08
4.283426026597042508e-08
-5.181596293488925598e-09
-7.559733995528359986e-09
-1.830497103176052133e-09
-1.786704491009658814e-10
-8.938699168577264164e-11
-1.794292333604255901e-11
6.191070272628971942e-08
4.414927612210688243e-08
-5.587126328432433087e-09
-8.041303635466735104e-09
-1.954855620019933749e-09
-1.907759703563306923e-10
-9.544369148025677283e-11
-1.915941947454622041e-11
6.382682586724707771e-08
4.546129016674664696e-08
-6.024269166254188020e-09
-8.554312120082898322e-09
-2.088327476303637458e-09
-2.037683447256891816e-10
-1.019441662308837640e-10
-2.046513666254560305e-11
6.574413601506384565e-08
4.676627832397801155e-08
-6.495316887444022520e-09
-9.100793315909679414e-09
-2.231636518380666323e-09
-2.177189374453499826e-10
-1.089241380601772293e-10
-2.186726831054272166e-11
6.765732419445095057e-08
4.805969128690672757e-08
-7.002660967293939703e-09
-9.682847528833142916e-09
-2.385554976395573047e-09
-2.327042659677230527e-10
-1.164219116650224469e-10
-2.337353024132236466e-11
6.956035060013047427e-08
4.933641111740862766e-08
-7.548778324731905331e-09
-1.030262505145594882e-08
-2.550903067804900238e-09
-2.488061079575955104e-10
-1.244784309271857707e-10
-2.499217022718314355e-11
7.144637982905094240e-08
5.059070776090366802e-08
-8.136211271554450258e-09
-1.096230366581749740e-08
-2.728547220199347297e-09
-2.661115182190410805e-10
-1.331372875080133185e-10
-2.673197571944978946e-11
7.330771543784040513e-08
5.181619746646247888e-08
-8.767540007415191222e-09
-1.166405880712079751e-08
-2.919396446251340895e-09
-2.847127098138170169e-10
-1.424446671028507203e-10
-2.860224945792552250e-11
7.513573480997973567e-08
5.300580345367371691e-08
-9.445345946480854187e-09
-1.241002483094600586e-08
-3.124396282836552514e-09
-3.047067542319194724e-10
-1.524492001040859503e-10
-3.061281357219087317e-11
7.692082686529600512e-08
5.415172200126308974e-08
-1.017216387374581609e-08
-1.320224548192955316e-08
-3.344519573338441699e-09
-3.261950317082216000e-10
-1.632016929794638495e-10
-3.277390051752793114e-11
7.865233460047468181e-08
5.524539565986466541e-08
-1.095042076128909769e-08
-1.404261155720354521e-08
-3.580753193978077425e-09
-3.492823518419413676e-10
-1.747546950227761016e-10
-3.509611677688410928e-11
8.031850589480533793e-08
5.627749701839444994e-08
-1.178235856335898363e-08
-1.493278334066818346e-08
-3.834079681780457341e-09
-3.740756365241813590e-10
-1.871618399097236847e-10
-3.759028455884441610e-11
8.190645592576374828e-08
5.723792612262975310e-08
-1.266993841277295295e-08
-1.587409529364663682e-08
-4.105452463296372150e-09
-4.006820338301566374e-10
-2.004769180266061158e-10
-4.026725992711125025e-11
8.340214647820398610e-08
5.811582688108857512e-08
-1.361472274339087814e-08
-1.686744021034006152e-08
-4.395763271997874874e-09
-4.292063013191023057e-10
-2.147525650702403091e-10
-4.313766021509646532e-11
8.479038702312476164e-08
5.889962633892761229e-08
-1.461773261816269561e-08
-1.791313006219482492e-08
-4.705800060742639323e-09
-4.597472597859858709e-10
-2.300385019452770289e-10
-4.621151446576920459e-11
8.605486447361747484e-08
5.957710298048688326e-08
-1.567927682593592703e-08
-1.901073069200923592e-08
-5.036193668272621649e-09
-4.923930956931007633e-10
-2.463791821121951976e-10
-4.949777927652482540e-11
8.717820773557152238e-08
6.013549038148032570e-08
-1.679874996971923401e-08
-2.015886825908231466e-08
-5.387351400511891669e-09
-5.272152501288588170e-10
-2.638107405136021086e-10
-5.300371123018982531e-11
8.814209655604267968e-08
6.056162219718825290e-08
-1.797439730942041781e-08
-2.135500520513125609e-08
-5.759375717790753591e-09
-5.642606266282626078e-10
-2.823570868282254250e-10
-5.673407701500176254e-11
8.892742079373705290e-08
6.084212515780984807e-08
-1.920304568846177970e-08
-2.259518626135146785e-08
-6.151966741492691008e-09
-6.035418493607455548e-10
-3.020250182258657984e-10
-6.069015516435122819e-11
8.951449929837655421e-08
6.096366483943992017e-08
-2.047980102262192880e-08
-2.387375464430073346e-08
-6.564307601912185677e-09
-6.450253473046905603e-10
-3.227982301905795555e-10
-6.486851277515555177e-11
8.988336408008603389e-08
6.091324902520849546e-08
-2.179771647502315402e-08
-2.518304392941845383e-08
-6.994932904487774168e-09
-6.886171275184516290e-10
-3.446301647904074139e-10
-6.925954922266282301e-11
9.001411508276664140e-08
6.067858796768480429e-08
-2.314743931781413337e-08
-2.651305245207632087e-08
-7.441582350471682979e-09
-7.341462645973927928e-10
-3.674356988794876997e-10
-7.384581480482918048e-11
8.988734548925702697e-08
6.024850926504545476e-08
-2.451684938041737125e-08
-2.785111374365391144e-08
-7.901042715240800591e-09
-7.813463710735550721e-10
-3.910817952536200291e-10
-7.860011353462946035e-11
8.948463292171697916e-08
5.961341672601198277e-08
-2.589070902265832978e-08
-2.918158160564020891e-08
-8.368985915834227951e-09
-8.298356519879085303e-10
-4.153774619043271657e-10
-8.348347352103626028e-11
8.878908499507792377e-08
5.876577506890905121e-08
-2.725035243496264709e-08
-3.048555563904514483e-08
-8.839812277461171069e-09
-8.790965834197812285e-10
-4.400634896212334953e-10
-8.844310648602840283e-11
8.778591708357355732e-08
5.770059456046900028e-08
-2.857345120774955942e-08
-3.174068111232090359e-08
-9.306513440381035757e-09
-9.284567440764177877e-10
-4.648027989829968957e-10
-9.341047207620147247e-11
8.646303197650602747e-08
5.641587686217577934e-08
-2.983390079348314934e-08
-3.292106424117804821e-08
-9.760572468451088147e-09
-9.770729041598051826e-10
-4.891723999011193643e-10
-9.829971572389702802e-11
8.481155931300100829e-08
5.491297663469790324e-08
-3.100188109048422880e-08
-3.399735012345812490e-08
-1.019192216044039944e-08
-1.023920942862616673e-09
-5.126583517833744730e-10
-1.030067229397959630e-10
8.282630737118650541e-08
5.319682674693412126e-08
-3.204414724632568065e-08
-3.493701400137803155e-08
-1.058898508959324727e-08
-1.067794580866081906e-09
-5.346551205238497264e-10
-1.074090763397606015e-10
8.050607435636707330e-08
5.127597299780626741e-08
-3.292460510338783089e-08
-3.570491467541438435e-08
-1.093881909781039646e-08
-1.107316009578487028e-09
-5.544710080185941020e-10
-1.113672664157534329e-10
7.785377539179205361e-08
4.916237567278028795e-08
-3.360521649364972122e-08
-3.626414965842436989e-08
-1.122738840760354009e-08
-1.140961349255301468e-09
-5.713410155186099704e-10
-1.147273903723918068e-10
7.487635367512210320e-08
4.687095497507581615e-08
-3.404725694280807693e-08
-3.657723612949595177e-08
-1.143997537114165429e-08
-1.167102904462821308e-09
-5.844482073690048973e-10
-1.173255742478367156e-10
7.158447573629955268e-08
4.441888430987113345e-08
-3.421291957158300172e-08
-3.660761180559728435e-08
-1.156173685671492240e-08
-1.184069416338436760e-09
-5.929541108478352212e-10
-1.189941761482171184e-10
6.799204812669460207e-08
4.182468652053321680e-08
-3.406721637716520877e-08
-3.632141729942426291e-08
-1.157839298472903892e-08
-1.190223178167799029e-09
-5.960375784335656083e-10
-1.195696555914326339e-10
6.411563715581835121e-08
3.910723753845726316e-08
-3.358007594602148011e-08
-3.568947903717076370e-08
-1.147702475813085579e-08
-1.184051234440582799e-09
-5.929406098846446486e-10
-1.189017987997213587e-10
5.997391765830726499e-08
3.628480603458937923e-08
-3.272849596933603048e-08
-3.468936884735656544e-08
-1.124693006067256361e-08
-1.164265248630405718e-09
-5.830186468027964917e-10
-1.168637293896886106e-10
5.558729041516550948e-08
3.337431655606529102e-08
-3.149856285729574637e-08
-3.330738170507089440e-08
-1.088047964148056778e-08
-1.129903304501946214e-09
-5.657913626544007964e-10
-1.133619706272683613e-10
5.097782466826230113e-08
3.039098805214845701e-08
-2.988713571791695719e-08
-3.154025102571868683e-08
-1.037389835001692971e-08
-1.080423874914526675e-09
-5.409898415578922383e-10
-1.083456856297075811e-10
4.616960891676771722e-08
2.734847772422528409e-08
-2.790299854963602116e-08
-2.939641858760368117e-08
-9.727895199459327456e-09
-1.015783352524455776e-09
-5.085952188176640021e-10
-1.018141511471569760e-10
4.118952958873449738e-08
2.425955883778399092e-08
-2.556732377320266736e-08
-2.689670254944335994e-08
-8.948069287145393955e-09
-9.364887842792599596e-10
-4.688644586936765553e-10
-9.382161868272497863e-11
3.606836590412288484e-08
2.113725578682989309e-08
-2.291336173966497392e-08
-2.407425427410866552e-08
-8.045036077861684014e-09
-8.436169998078418115e-10
-4.223399474589312946e-10
-8.447892158912226453e-11
3.084197115156539537e-08
1.799622584434588750e-08
-1.998535757425887863e-08
-2.097376370389040465e-08
-7.034240775692109192e-09
-7.387982941511043733e-10
-3.698406191097150792e-10
-7.395144053471876239e-11
2.555220956528785537e-08
1.485408146076595471e-08
-1.683678931089842666e-08
-1.764994803274158462e-08
-5.935456347277723551e-09
-6.241619911408295272e-10
-3.124344858137356171e-10
-6.245341846694209579e-11
2.024728701764427342e-08
1.173230413217874669e-08
-1.352809690681646279e-08
-1.416543110918459652e-08
-4.771991036878408407e-09
-5.022480522624763870e-10
-2.513941041165553201e-10
-5.023895825188798525e-11
1.498116768167265131e-08
8.656441342957715920e-09
-1.012411520962758876e-08
-1.058817408958112532e-08
-3.569662998368059072e-09
-3.758904137644523851e-10
-1.881380257186849407e-10
-3.759038097096449010e-11
9.811918104035323671e-09
5.655403916900058165e-09
-6.691427693238025980e-09
-6.988648433876004249e-09
-2.355613712246436510e-09
-2.480811857670483982e-10
-1.241629227087291317e-10
-2.480478792664422966e-11
4.799029057336502903e-09
2.759869140020427431e-09
-3.295825483037640793e-09
-3.436945635818444655e-09
-1.157049682978077548e-09
-1.218258101284955861e-10
-6.097125646868525113e-11
-1.217987599259139048e-11
5.665511284427366251e-23
2.815648695861806181e-23
-2.198923201038771859e-23
-3.590991264392414689e-23
-1.200660066360898094e-23
-1.557297621368960452e-23
-2.693577567708187046e-21
-2.079185603693841734e-23
