-3.672216359139378097e-25
2.367844277730525284e-25
-3.429583810185699148e-24
-1.143789934268902816e-24
-2.418366068529413452e-25
-8.415127537107334490e-23
-1.642620096484912099e-23
2.848333731005511935e-24
-5.371771838946082231e-10
-3.162391838057214650e-10
3.501370662211628586e-10
3.738073024484374411e-10
1.302446949597244307e-10
1.384899656491754974e-11
6.932038870060124004e-12
1.383925638592265995e-12
-1.333818945195282666e-09
-8.101991390996996705e-10
8.014235798199570395e-10
8.857600078141298324e-10
3.235856471400162856e-10
3.488149005380143681e-11
1.746396587074872745e-11
3.484067492787793950e-12
-2.375769866715070569e-09
-1.495878348317118931e-09
1.277535549558500768e-09
1.479502115215608474e-09
5.734315505590233732e-10
6.289541513072841902e-11
3.150120398069794538e-11
6.279729019446234428e-12
-3.641960207806537469e-09
-2.384571368213690097e-09
1.687053575386856018e-09
2.081945674291757722e-09
8.677990501832822846e-10
9.724689117790240199e-11
4.873221985266481691e-11
9.707273708847413377e-12
-5.105773778790549163e-09
-3.482450629311809945e-09
1.932382747614369287e-09
2.608266443804348386e-09
1.188687821048295673e-09
1.367392814721081675e-10
6.857386509197360853e-11
1.364985406369534583e-11
-6.736617380749463850e-09
-4.788437490431039108e-09
1.919970301143836964e-09
2.968872539756100884e-09
1.512019116587260131e-09
1.795392829795910382e-10
9.012959420901780173e-11
1.792976837367750230e-11
-8.501477781900394442e-09
-6.292718084271063018e-09
1.570553296782549628e-09
3.077789604454651171e-09
1.808398375059745373e-09
2.231507853294031275e-10
1.121756080184275340e-10
2.230629650429461792e-11
-1.036630079703740292e-08
-7.976144380420258823e-09
8.281255413642029114e-10
2.861593868277680421e-09
2.044878876747458054e-09
2.644778594855802865e-10
1.331903237589136745e-10
2.648191320680253103e-11
-1.229710157588888141e-08
-9.810609993741818559e-09
-3.335238644573103269e-10
2.267811250017699840e-09
2.187749103425841858e-09
3.000014629682526231e-10
1.514394615956640698e-10
3.011914000232548545e-11
-1.426079256070191420e-08
-1.176033400639529861e-08
-1.907504215252065651e-09
1.271651033720518690e-09
2.206161070365942811e-09
3.260790185266675651e-10
1.651216431253344509e-10
3.286889869711733320e-11
-1.622577451152706468e-08
-1.378385845339463501e-08
-3.854088723563240094e-09
-1.199088572445483310e-10
2.076199163337043777e-09
3.393530549355454492e-10
1.725683358930139854e-10
3.440909622591217817e-11
-1.816236342676405487e-08
-1.583648481477855045e-08
-6.104391377826528962e-09
-1.867335078121009493e-09
1.784809177835571529e-09
3.372274940429905370e-10
1.724783696399392503e-10
3.448964299358332347e-11
-2.004312838879845657e-08
-1.787284919568095472e-08
-8.566845960989385187e-09
-3.901237930761519579e-09
1.332917805786252158e-09
3.183443311073681552e-10
1.641543457957311708e-10
3.297765808960480264e-11
-2.184319050491012290e-08
-1.984935962897503182e-08
-1.113555289738049206e-08
-6.128240433447163924e-09
7.371108889054544361e-10
2.829755993598133178e-10
1.476992244384715977e-10
2.989492357341644921e-11
-2.354050711567396638e-08
-2.172627911896881656e-08
-1.369940344633747537e-08
-8.439253364893975078e-09
2.941440973735349363e-11
2.332432308736617821e-10
1.241295071046544470e-10
2.543932007703998000e-11
-2.511613304825179507e-08
-2.346931292233500356e-08
-1.615090688795087553e-08
-1.071908256964830456e-08
-7.449864321727878318e-10
1.730963198095531642e-10
9.536929349411989477e-11
1.998346359371001301e-11
-2.655443783888167566e-08
-2.505064169800125078e-08
-1.839381744502052625e-08
-1.285617193008597301e-08
-1.531904917121767415e-09
1.080113222207131497e-10
6.410684668115849710e-11
1.404700916607747967e-11
-2.784324686617256551e-08
-2.644941110730948520e-08
-2.034892320106403330e-08
-1.475135631549123035e-08
-2.273664536864383854e-09
4.443027057875721004e-11
3.351961141836844981e-11
8.243743059738791064e-12
-2.897388594778934769e-08
-2.765173506685478515e-08
-2.195767591121043282e-08
-1.632473553404022160e-08
-2.915192545099602271e-09
-1.099489630893534373e-11
6.900303158805461811e-12
3.209616085285410483e-12
-2.994111340994422270e-08
-2.865031051530993176e-08
-2.318363988591508653e-08
-1.752011750629468576e-08
-3.409816058114065781e-09
-5.223982095486992285e-11
-1.276088115687249876e-11
-4.778040292888385241e-13
-3.074294089700513842e-08
-2.944374819000096593e-08
-2.401198463310107012e-08
-1.830685320322052111e-08
-3.723939094201532135e-09
-7.469136482738296323e-11
-2.317015150225542369e-11
-2.375484590735688738e-12
-3.138035906267554023e-08
-3.003572501188152978e-08
-2.444741728549565545e-08
-1.867922772684193097e-08
-3.839984943421139906e-09
-7.574557551169447783e-11
-2.303334641270043393e-11
-2.233831529714007048e-12
-3.185698690539423944e-08
-3.043405323613315184e-08
-2.451103308424187768e-08
-1.865383482815261545e-08
-3.757294624858022910e-09
-5.511977202371057998e-11
-1.221683838860529440e-11
-2.828218241708131123e-14
-3.217867302020847051e-08
-3.064974193016242166e-08
-2.423657105139908368e-08
-1.826552096026004216e-08
-3.491010674824497639e-09
-1.483121149562826022e-11
8.259392619611603227e-12
4.041513130591737708e-12
-3.235307524467210346e-08
-3.069610782951029403e-08
-2.366651228039612172e-08
-1.756253574490694631e-08
-3.069278604843147803e-09
4.114355535506973037e-11
3.639083157000997080e-11
9.584028004981872513e-12
-3.238924257931186311e-08
-3.058797462676597397e-08
-2.284837034136097063e-08
-1.660148693829952670e-08
-2.529311746867184089e-09
1.074579648554236967e-10
6.948485745744052817e-11
1.607317419740428085e-11
-3.229721844756322743e-08
-3.034098149240030714e-08
-2.183142128827361536e-08
-1.544259238990461844e-08
-1.912960904151261177e-09
1.781235111765963064e-10
1.045291871561700088e-10
2.291996190764933080e-11
-3.208767969920409476e-08
-2.997100989517237445e-08
-2.066401826162349132e-08
-1.414558278568693728e-08
-1.262408206158055498e-09
2.472522329290095397e-10
1.385688757427036772e-10
2.954620795852167364e-11
-3.177161964997356685e-08
-2.949372723491463025e-08
-1.939154710160987753e-08
-1.276646146443737945e-08
-6.164873916434466425e-10
3.097002197999852189e-10
1.690335112472620704e-10
3.544882709579828687e-11
-3.136007937361346759e-08
-2.892423882044912382e-08
-1.805500995995711473e-08
-1.135519484049708758e-08
-7.958679485723262773e-12
3.615298935944432666e-10
1.939719150944859499e-10
4.024622977667317527e-11
-3.086392781086930324e-08
-2.827683676927397243e-08
-1.669017571154614829e-08
-9.954299836035088359e-09
5.381241295106560714e-10
4.002510185579355918e-10
2.121733128929737845e-10
4.370253150062977448e-11
-3.029368810884424951e-08
-2.756483098442924618e-08
-1.532720742580774607e-08
-8.598221505378903825e-09
1.004987934392839157e-09
4.248431063387249546e-10
2.231761005803917124e-10
4.572961533535392646e-11
-2.965940646644856171e-08
-2.680044880037660464e-08
-1.399066615293418463e-08
-7.313350889780309323e-09
1.383817890883419996e-09
4.355965206944562597e-10
2.271834207779156167e-10
4.637071796816546117e-11
-2.897055837205637645e-08
-2.599478877646082967e-08
-1.269979064684299224e-08
-6.118518789178427536e-09
1.672775123570893688e-09
4.338307085923056869e-10
2.249158932157575110e-10
4.577142774362230105e-11
-2.823598684642458340e-08
-2.515781664238898675e-08
-1.146896212592827193e-08
-5.025806301991262063e-09
1.875614694328319237e-09
4.215543734033053155e-10
2.174351989189528453e-10
4.414477211765897556e-11
-2.746386736320275898e-08
-2.429839275082540604e-08
-1.030827682889357525e-08
-4.041532426585441518e-09
2.000145570719331025e-09
4.011260190513401000e-10
2.059689486986858342e-10
4.173642757774944447e-11
-2.666169438259506706e-08
-2.342432172601908213e-08
-9.224164861395477537e-09
-3.167305169101843657e-09
2.056728661750804298e-09
3.749589385345226749e-10
1.917595729865232094e-10
3.879463057938944461e-11
-2.583628489843035897e-08
-2.254241693227838067e-08
-8.220009466767919501e-09
-2.401051105623362851e-09
2.056950543485708435e-09
3.452963077127117986e-10
1.759504594561655353e-10
3.554746496828364615e-11
-2.499379506874133554e-08
-2.165857412685997772e-08
-7.296734043382200589e-09
-1.737965231724870303e-09
2.012551600875335073e-09
3.140650548439842524e-10
1.595133869383976600e-10
3.218838938966142656e-11
-2.413974647556350647e-08
-2.077784943223466017e-08
-6.453337047372568173e-09
-1.171346264260960757e-09
1.934636294092247848e-09
2.828034530279475813e-10
1.432143393991781766e-10
2.886944589608089217e-11
-2.327905905161805064e-08
-1.990453847665023518e-08
-5.687363248990536797e-09
-6.933012093278717955e-10
1.833154887311509040e-09
2.526487881395373556e-10
1.276101939256827671e-10
2.570066039672888427e-11
-2.241608850174755514e-08
-1.904225404937555322e-08
-4.995307436353916859e-09
-2.953169686060209790e-10
1.716620953011132547e-09
2.243676372558426943e-10
1.130670045851579885e-10
2.275377423144473127e-11
-2.155466617315483881e-08
-1.819400046213024797e-08
-4.372951483700726917e-09
3.129392507663761820e-11
1.592016491745247826e-09
1.984114871660662550e-10
9.979065730169711619e-11
2.006846655169006897e-11
-2.069814009024788248e-08
-1.736224386614975785e-08
-3.815638989477517278e-09
2.950602949640614669e-10
1.464833586041732592e-09
1.749829626751805561e-10
8.786233539939678336e-11
1.765952857290699431e-11
-1.984941578731425369e-08
-1.654897722247764136e-08
-3.318493530810327627e-09
5.041161740539898602e-10
1.339205306519504360e-09
1.541018544328612498e-10
7.727319830894897925e-11
1.552386077775546635e-11
-1.901099631134280790e-08
-1.575578015398872530e-08
-2.876587804193971567e-09
6.660447556075825580e-10
1.218086203660011278e-09
1.356640424565965576e-10
6.795483146920880512e-11
1.364661117476820891e-11
-1.818502062281893558e-08
-1.498387327628882607e-08
-2.485070706934148573e-09
7.877863312861762218e-10
1.103451812207974957e-09
1.194898881176491286e-10
5.980388725593047420e-11
1.200612064014606283e-11
-1.737330009129540719e-08
-1.423416715214806707e-08
-2.139259550685745316e-09
8.755955583435914273e-10
9.964955911943113088e-10
1.053612030088645343e-10
5.270057532465806878e-11
1.057762567315874681e-11
-1.657735276386559443e-08
-1.350730618371454729e-08
-1.834703746039013210e-09
9.350354383988786662e-10
8.978095904765333309e-10
9.304756148214702128e-11
4.652157601905092258e-11
9.335826810318233175e-12
-1.579843528428583653e-08
-1.280370758893630658e-08
-1.567225763951219386e-09
9.709973126627637383e-10
8.075414423944731052e-10
8.232365411917667602e-11
4.114832135926960251e-11
8.256523717199927316e-12
-1.503757228301569541e-08
-1.212359602213018348e-08
-1.332944274271504380e-09
9.877383775416204228e-10
7.255249281463643818e-10
7.297963944015620165e-11
3.647173690475287204e-11
7.317538605967718297e-12
-1.429558352895788165e-08
-1.146703388776749785e-08
-1.128283679497092603e-09
9.889299677069733342e-10
6.513844998085286426e-10
6.482640407685606733e-11
3.239445389825743397e-11
6.499132778297866898e-12
-1.357310852990923962e-08
-1.083394808632919058e-08
-9.499735049022485297e-10
9.777114838961984297e-10
5.846160944698340646e-10
5.769736084986431504e-11
2.883135092350308022e-11
5.784092081181482984e-12
-1.287062904681251405e-08
-1.022415327845178655e-08
-7.950404468056449015e-10
9.567462331590850508e-10
5.246474054885088430e-10
5.144807147060306951e-11
2.570907094239322707e-11
5.157610710214629901e-12
-1.218848934885180978e-08
-9.637372188635888407e-09
-6.607953530967415979e-10
9.282765064357408698e-10
4.708813048797307862e-10
4.595463554762143167e-11
2.296499313952010881e-11
4.607070115350605494e-12
-1.152691450129321794e-08
-9.073253144952409944e-09
-5.448168781260084096e-10
8.941761211120695683e-10
4.227257673542180118e-10
4.111149190343809143e-11
2.054596988662936805e-11
4.121774429492286484e-12
-1.088602679227589756e-08
-8.531385278537451525e-09
-4.449331909417733306e-10
8.559992984478533026e-10
3.796134212770610689e-10
3.682904857949284569e-11
1.840702707830000283e-11
3.692681874441170273e-12
-1.026586044135911260e-08
-8.011311566603604967e-09
-3.592027552700370191e-10
8.150252830407309159e-10
3.410133775395890144e-10
3.303138517064332081e-11
1.651013866141924834e-11
3.312153391487065194e-12
-9.666374682055961704e-09
-7.512540052646470699e-09
-2.858949461119191716e-10
7.722984322290941178e-10
3.064374374997313096e-10
2.965415731150559259e-11
1.482312857250093960e-11
2.973728959739658612e-12
-9.087465467527726446e-09
-7.034553431677856514e-09
-2.234710523693905482e-10
7.286638004725714024e-10
2.754424284694754687e-10
2.664275545874349664e-11
1.331871947395002075e-11
2.671934110331893231e-12
-8.528975830054679827e-09
-6.576817180058663537e-09
-1.705660228531496666e-10
6.847983802917690119e-10
2.476298912869772052e-10
2.395072721029254542e-11
1.197372556082609338e-11
2.402116952775708876e-12
-7.990705046468398366e-09
-6.138786491155334259e-09
-1.259712248178861668e-10
6.412382939072432339e-10
2.226441334517924482e-10
2.153844698291759515e-11
1.076837711141719327e-11
2.160311640299218620e-12
-7.472416759992461253e-09
-5.719912089218758883e-09
-8.861835093707441726e-11
5.984022724368175275e-10
2.001693064434234204e-10
1.937200555249720922e-11
9.685760134012527169e-12
1.943125560480050677e-12
-6.973846129268007394e-09
-5.319645160651279700e-09
-5.756454070885016067e-11
5.566117874438097814e-10
1.799260032651509285e-10
1.742228864029655840e-11
8.711353287805151606e-12
1.747646041796598310e-12
-6.494706115739170213e-09
-4.937441420605825819e-09
-3.197876772226302834e-11
5.161082322183463708e-10
1.616676961146325347e-10
1.566421480816180797e-11
7.832646310980760872e-12
1.571364010596652336e-12
-6.034693010203931806e-09
-4.572764518954273006e-09
-1.112941417965387637e-11
4.770674457968537725e-10
1.451772331515453902e-10
1.407610513984643746e-11
7.038824920951187692e-12
1.412110403507849983e-12
-5.593491257338443927e-09
-4.225088859520775212e-09
5.626947821421988181e-12
4.396120248088614311e-10
1.302635153391390277e-10
1.263916173187098648e-11
6.320510672069705088e-12
1.268004132179972355e-12
-5.170777697615228260e-09
-3.893901868916107836e-09
1.885569244059962528e-11
4.038216089253841722e-10
1.167584313112862349e-10
1.133703502548688453e-11
5.669545351668134864e-12
1.137408808711241394e-12
-4.766225245088761655e-09
-3.578705870310124433e-09
2.905319827350420345e-11
3.697415101435324964e-10
1.045140764168943340e-10
1.015546405852423913e-11
5.078811738136489267e-12
1.018896806899150387e-12
-4.379506093815561717e-09
-3.279019539736504649e-09
3.665498732705989942e-11
3.373898854280778730e-10
9.340026760451046850e-11
9.081976202517783767e-12
4.542084093766899152e-12
9.112192855364125918e-13
-4.010294505198044743e-09
-2.994379087890116649e-09
4.204296235000385495e-11
3.067636882436320313e-10
8.330234022733061568e-11
8.105635741887162149e-12
4.053902989936191934e-12
8.132810885497668836e-13
-3.658269210932204447e-09
-2.724339160194999252e-09
4.555185061469929914e-11
2.778435816822265802e-10
7.411921317045176093e-11
7.216832601423028477e-12
3.609470074721606074e-12
7.241196123294310832e-13
-3.323115509702433410e-09
-2.468473491734165018e-09
4.747493151237055593e-11
2.505979777090736010e-10
6.576169512476742936e-11
6.407104145496999195e-12
3.204559352960064062e-12
6.428871114559156564e-13
-3.004527040578074150e-09
-2.226375406826386277e-09
4.806909711132335373e-11
2.249863477840089783e-10
5.815100912508646716e-11
5.668984389984682995e-12
2.835442047973784592e-12
5.688355283403068447e-13
-2.702207345313487369e-09
-1.997658141426411231e-09
4.755934851767543811e-11
2.009619204731138290e-10
5.121751136967375245e-11
4.995875973198378424e-12
2.498822710044209813e-12
5.013037677884345963e-13
-2.415871171999390970e-09
-1.781955041029104858e-09
4.614275996954457863e-11
1.784738693996094379e-10
4.489957875961196685e-11
4.381941158587178896e-12
2.191785497207176649e-12
4.397067590881705776e-13
-2.145245607380258923e-09
-1.578919654911442433e-09
4.399197958940556148e-11
1.574690872113005439e-10
3.914264618263563965e-11
3.822008729128329048e-12
1.911746539838060563e-12
3.835262091610594235e-13
-1.890071035564368403e-09
-1.388225744189363042e-09
4.125832459970638690e-11
1.378936026899994805e-10
3.389837321630902103e-11
3.311494313663266483e-12
1.656415442616056064e-12
3.323025745650652430e-13
-1.650101949384369506e-09
-1.209567219195879130e-09
3.807450324516431914e-11
1.196937184410433870e-10
2.912392253411470358e-11
2.846331994976131467e-12
1.423760573413976003e-12
2.856282540967465976e-13
-1.425107636563688131e-09
-1.042658031540122111e-09
3.455702015880122291e-11
1.028169116147043641e-10
2.478133627563445457e-11
2.422915563343742605e-12
1.211979871511005874e-12
2.431417021366954544e-13
-1.214872754336620311e-09
-8.872320082031301401e-10
3.080829225239863907e-11
8.721254816561932935e-11
2.083699676724312181e-11
2.038047925821641772e-12
1.019475615684119995e-12
2.045223689205608155e-13
-1.019197814187691725e-09
-7.430426765122605657e-10
2.691851648710254404e-11
7.283244050775115297e-11
1.726115986708330504e-11
1.688897514275712600e-12
8.448326730132496704e-13
1.694863350581933501e-13
-8.378995771734278548e-10
-6.098630505217267401e-10
2.296731150118963906e-11
5.963128218621311133e-11
1.402755230074553172e-11
1.372960719445924305e-12
6.867997557646761330e-13
1.377825536069731409e-13
-6.708113879536103491e-10
-4.874854128215104471e-10
1.902517101188470039e-11
4.756698754972620771e-11
1.111302381282196513e-11
1.088029513652896793e-12
5.442732538191553106e-13
1.091896069697131444e-13
-5.177834397561614918e-10
-3.757210862449296683e-10
1.515473268736041118e-11
3.660095263863112038e-11
8.497247557458332726e-12
8.321635568304326898e-13
4.162833220945487176e-13
8.351291025988639652e-14
-3.786829949648889051e-10
-2.744002017189309595e-10
1.141191717338847778e-11
2.669825734233270080e-11
6.162462544428206951e-12
6.036662662901996823e-13
3.019819263258683281e-13
6.058233455224448917e-14
-2.533945535412492726e-10
-1.833714692517423873e-10
7.846912582276455419e-12
1.782782276371728780e-11
4.093253068155407093e-12
4.010642950851524734e-13
2.006326036744814927e-13
4.025011304318108853e-14
-1.418199867278085487e-10
-1.025019539463561984e-10
4.505057409281364619e-12
9.962537741993313329e-12
2.276360823079128167e-12
2.230900779472740115e-13
1.116017446605949878e-13
2.238913106847340270e-14
-4.387863409730796448e-11
-3.167685732603846231e-11
1.427615074649866032e-12
3.079361725679289467e-12
7.005261089170175200e-13
6.866706948911729133e-14
3.435122509339194290e-14
6.891428693071377361e-15
4.049263056894296151e-11
2.920068881265069043e-11
-1.347539311461588780e-12
-2.840584557227980327e-12
-6.436449243240161162e-13
-6.310258509177785643e-14
-3.156775065853413485e-14
-6.333030509945676858e-15
1.113393614510530703e-10
8.020982432667782085e-11
-3.785312585960168184e-12
-7.811936087987461509e-12
-1.763789466460975560e-12
-1.729481827281054099e-13
-8.651970851939796874e-14
-1.735737429625311017e-14
1.686895304042099889e-10
1.214121445811553792e-10
-5.852854852912839402e-12
-1.184500003947572507e-11
-2.665875733903469496e-12
-2.614385854090999997e-13
-1.307889604925100480e-13
-2.623863473525542141e-14
2.125535421377718891e-10
1.528518815431529378e-10
-7.519084323725069893e-12
-1.494566846813108452e-11
-3.354270779227862734e-12
-3.289884802118451410e-13
-1.645827291282212230e-13
-3.301837627271231027e-14
2.429242766545279461e-10
1.745560700657033008e-10
-8.754265857448855972e-12
-1.711532147463801100e-11
-3.831789709498017779e-12
-3.758628946238464231e-13
-1.880334015877860108e-13
-3.772314550431822545e-14
2.597771587680823134e-10
1.865347093114061249e-10
-9.529639150364313372e-12
-1.835071862692502094e-11
-4.099727248640682920e-12
-4.021800508799684958e-13
-2.011999522250767832e-13
-4.036475830873947708e-14
2.630702567653702085e-10
1.887809162127448357e-10
-9.817089193179572397e-12
-1.864387329698517192e-11
-4.157872282449838643e-12
-4.079126158374576558e-13
-2.040685646236534023e-13
-4.094042305607366553e-14
2.527444161114309100e-10
1.812710766992896611e-10
-9.588860531748501226e-12
-1.798190987404481035e-11
-4.004505759704057076e-12
-3.928873778953598956e-13
-1.965524676421148256e-13
-3.943270780424848984e-14
2.287234269964120851e-10
1.639649964139133044e-10
-8.817303373840751538e-12
-1.634689861457056692e-11
-3.636382026216564030e-12
-3.567833560455150750e-13
-1.784909877700886512e-13
-3.580934923395529782e-14
1.909142364062306791e-10
1.368060559293272541e-10
-7.474658777678029221e-12
-1.371566878385546319e-11
-3.048693376914350329e-12
-2.991283257104019367e-13
-1.496478085089135210e-13
-3.002290348907932415e-14
1.392072081373492248e-10
9.972137363769068865e-11
-5.532875087923974633e-12
-1.005959487074296823e-11
-2.235017411695730052e-12
-2.192937076663650318e-13
-1.097084145529199940e-13
-2.201023234612104143e-14
7.347643849045201921e-11
5.262198485228997387e-11
-2.963457422871535142e-12
-5.344358626415384458e-12
-1.187246432901561993e-12
-1.164877633724502347e-13
-5.827668719321855609e-14
-1.169181850294349978e-14
-6.419861856480371145e-12
-4.596958504704782974e-12
2.626502336342431821e-13
4.703193372004471036e-13
1.045021213931743206e-13
1.025300900050173123e-14
5.129399206000065230e-15
1.029097082647419201e-15
-1.006389106704318690e-10
-7.205595890433457952e-11
4.175149218701338707e-12
7.430974738398471322e-12
1.651995530443057720e-12
1.620743954002461702e-13
8.108303826813624725e-14
1.626757326642727380e-14
-2.093528088616332781e-10
-1.498909052152038426e-10
8.804434829970600836e-12
1.559072522631405619e-11
3.469017595340361073e-12
3.403170603027418005e-13
1.702548897152593281e-13
3.415823297894629240e-14
-3.327478924284724868e-10
-2.382527565862207215e-10
1.418160724935728573e-11
2.500962517184613195e-11
5.571524370096604367e-12
5.465314010238211897e-13
2.734205062020266038e-13
5.485675521716961723e-14
-4.710239673057537310e-10
-3.373071631251814233e-10
2.033843988747855536e-11
3.575504963780748520e-11
7.977826311495808832e-12
7.824948828946810527e-13
3.914690018066473017e-13
7.854161500415718828e-14
-6.243934058773957712e-10
-4.472340139487595927e-10
2.730730254147270415e-11
4.790210568187533024e-11
1.070879955930918059e-11
1.050232122368749653e-12
5.254130909134327367e-13
1.054161013536556669e-13
-7.930800881973933298e-10
-5.682268899556659238e-10
3.512103117548358614e-11
6.153406978753819776e-11
1.378812983041674260e-11
1.352038024223357006e-12
6.764006562415134226e-13
1.357106386115423747e-13
-9.773181603621338454e-10
-7.004924116512148477e-10
4.381273947025855617e-11
7.674284684963833315e-11
1.724259273031345595e-11
1.690504338397567095e-12
8.457280227734993345e-13
1.696854440882699954e-13
-1.177350587351085212e-09
-8.442494492678532228e-10
5.341556202642488424e-11
9.362944677815048418e-11
2.110237506265309705e-11
2.068550043097117743e-12
1.034855147871133081e-12
2.076337690940458934e-13
-1.393427466056463698e-09
-9.997281840943434192e-10
6.396232290652257569e-11
1.123044707564507357e-10
2.540144230195137699e-11
2.489456057879630344e-12
1.245422965992905293e-12
2.498845841763312122e-13
-1.625804069101099773e-09
-1.167168982105656511e-09
7.548511350615444595e-11
1.328886015353551759e-10
3.017795821111582448e-11
2.956904837915003559e-12
1.479273180611878257e-12
2.968080443026409688e-13
-1.874738579346651769e-09
-1.346821051700459206e-09
8.801477015627464708e-11
1.555130790041928636e-10
3.547476368233669691e-11
3.475025485754971830e-12
1.738470807640992072e-12
3.488185825062769313e-13
-2.140489471990921407e-09
-1.538940859391760413e-09
1.015802470533760328e-10
1.803201537790682291e-10
4.133992222351119676e-11
4.048445137937685376e-12
2.025329849012015687e-12
4.063807703984481970e-13
-2.423312503462211552e-09
-1.743790240568028512e-09
1.162078369840027184e-10
2.074634938312012211e-10
4.782734158905260201e-11
4.682347504477939728e-12
2.342442543882807237e-12
4.700150505151674399e-13
-2.723457244736530208e-09
-1.961634183897201471e-09
1.319202796322514764e-10
2.371085221845957797e-10
5.499748067667757844e-11
5.382539491845910317e-12
2.692712647506615968e-12
5.403044302858149361e-13
-3.041163109495286516e-09
-2.192738224550072344e-09
1.487356690431366893e-10
2.694326515987943709e-10
6.291815384776270247e-11
6.155527112228285380e-12
3.079393352773099763e-12
6.179020895639005637e-13
-3.376654810108772225e-09
-2.437365375805895192e-09
1.666662106080086929e-10
3.046253889504107353e-10
7.166544388929950744e-11
7.008601911409862929e-12
3.506130445948278703e-12
7.035400674093348936e-13
-3.730137172783239124e-09
-2.695772563209257204e-09
1.857167580539986950e-10
3.428882424980567149e-10
8.132473751595679995e-11
7.949939445861062497e-12
3.977011497306901765e-12
7.980391290442009235e-13
-4.101789232669632204e-09
-2.968206454541580286e-09
2.058831398413183702e-10
3.844344096522939416e-10
9.199189687260884788e-11
8.988711532131605150e-12
4.496621874287938605e-12
9.023200358022251796e-13
-4.491757525748902695e-09
-3.254898621936058052e-09
2.271502517189602967e-10
4.294881449030625910e-10
1.037745811739152751e-10
1.013521408684250806e-11
5.070108586887085100e-12
1.017416371181990816e-12
-4.900148489669661673e-09
-3.556059933648173923e-09
2.494899021709274557e-10
4.782837637634051515e-10
1.167937315577220366e-10
1.140101286520009376e-11
5.703253013658523478e-12
1.144489143898772567e-12
-5.327019874307704873e-09
-3.871874073196929740e-09
2.728584140171362910e-10
5.310641536501735120e-10
1.311852302426348349e-10
1.279910952052180340e-11
6.402553773162476607e-12
1.284843492466072915e-12
-5.772371049918941590e-09
-4.202490086149025316e-09
2.971939698659572826e-10
5.880787447359456399e-10
1.471017409761772030e-10
1.434413072610595967e-11
7.175321078231265528e-12
1.439947577449566089e-12
-6.236132126347185954e-09
-4.548013790331342934e-09
3.224137452796709653e-10
6.495807774453413984e-10
1.647147287903255882e-10
1.605254323771449547e-11
8.029784053671266722e-12
1.611454236759817934e-12
-6.718151734264660406e-09
-4.908497976502458948e-09
3.484108390789902313e-10
7.158237642448580673e-10
1.842166485470687859e-10
1.794289824691765282e-11
8.975212666682725610e-12
1.801225460028426735e-12
-7.218183403663430148e-09
-5.283931185436967441e-09
3.750510861727110532e-10
7.870570174816323200e-10
2.058232693782224284e-10
2.003610799091784606e-11
1.002205584281087539e-11
2.011360208470848620e-12
-7.735870339651457471e-09
-5.674224958685977735e-09
4.021698366213373905e-10
8.635201026333336810e-10
2.297760790247132086e-10
2.235575777432450563e-11
1.118209729460372192e-11
2.244225718293794315e-12
-8.270728613377190928e-09
-6.079199362974753137e-09
4.295688491610299356e-10
9.454360873913022515e-10
2.563446732610439516e-10
2.492845528503741253e-11
1.246863027905911270e-11
2.502492777667212138e-12
-8.822128487982760544e-09
-6.498566659636699625e-09
4.570134937367862900e-10
1.033003490082484678e-09
2.858289844570891675e-10
2.778421777925128754e-11
1.389665167610104719e-11
2.789174736093753202e-12
-9.389273998076424796e-09
-6.931912897849409813e-09
4.842305313787386223e-10
1.126386840458980665e-09
3.185611362045955437e-10
3.095689437646470773e-11
1.548307431365062423e-11
3.107670360694233655e-12
-9.971180476311453129e-09
-7.378677347289636000e-09
5.109068296801633673e-10
1.225705853018239801e-09
3.549066235398156778e-10
3.448461527644870610e-11
1.724695405593833249e-11
3.461809615239623751e-12
-1.056665027861747443e-08
-7.838129531717709898e-09
5.366894579137344914e-10
1.331023284139146802e-09
3.952644109413485331e-10
3.841025119635865009e-11
1.920972382998612725e-11
3.855900946730611343e-12
-1.117424641647401870e-08
-8.309343850060158941e-09
5.611877552761860222e-10
1.442331672658072434e-09
4.400654172833665349e-10
4.278185239574020370e-11
2.139542027476187082e-11
4.294777206855592543e-12
-1.179226441160006548e-08
-8.791171613854177637e-09
5.839780669244852712e-10
1.559539342202832564e-09
4.897687178622501834e-10
4.765301709347364673e-11
2.383087898438291744e-11
4.783834685278200249e-12
-1.241870241857324182e-08
-9.282210554267638309e-09
6.046120066281924171e-10
1.682456267411239352e-09
5.448546585209017121e-10
5.308311106122736464e-11
2.654586043858202978e-11
5.329059625155700695e-12
-1.305122989266485783e-08
-9.780771858533394649e-09
6.226292450667492328e-10
1.810780672620556274e-09
6.058139656695941054e-10
5.913722361642831303e-11
2.957305012766945720e-11
5.937027401252827148e-12
-1.368715522032393708e-08
-1.028484492205808556e-08
6.375759541097233506e-10
1.944087550389192716e-09
6.731318793893258793e-10
6.588570051129685828e-11
3.294785330691064639e-11
6.614861664050385368e-12
-1.432339287277056729e-08
-1.079206026911064169e-08
6.490301313721722209e-10
2.081820680934404192e-09
7.472663837168211553e-10
7.340304472777730951e-11
3.670787994625710553e-11
7.370129232730261900e-12
-1.495643083705594120e-08
-1.129965105944161889e-08
6.566350633317287584e-10
2.223290061613534423e-09
8.286198019592331330e-10
8.176592990271245314e-11
4.089198824206812908e-11
8.210646941590854643e-12
-1.558229940424772099e-08
-1.180441423100404527e-08
6.601420772388273973e-10
2.367677020181741711e-09
9.175034580606648097e-10
9.105004073719474417e-11
4.553873866112125504e-11
9.144167786139817135e-12
-1.619654253937717615e-08
-1.230267235939132891e-08
6.594635086833540139e-10
2.514049528243183144e-09
1.014095762362843256e-09
1.013254599319106443e-10
5.068411314251731530e-11
1.017791786246553174e-11
-1.679419365809167371e-08
-1.279023790557209419e-08
6.547362677920753284e-10
2.661390150096355472e-09
1.118395043980349697e-09
1.126503840169486678e-10
5.635837251457586643e-11
1.131795686132783396e-11
-1.736975764262287147e-08
-1.326238203778478411e-08
6.463956497246564103e-10
2.808638898224196659e-09
1.230169684268617703e-09
1.250630960097606369e-10
6.258201185729843596e-11
1.256836124949875025e-11
-1.791720181092113563e-08
-1.371381070406956032e-08
6.352575575697818492e-10
2.954752279495352597e-09
1.348909422727944621e-09
1.385723620596124763e-10
6.936087579145538098e-11
1.393023108841054039e-11
-1.842995869894387763e-08
-1.413865153845441717e-08
6.226059616759979726e-10
3.098778456156516544e-09
1.473783053115906848e-09
1.531467564532497366e-10
7.668068730852688123e-11
1.540058523305616158e-11
-1.890094399009373494e-08
-1.453045568451441934e-08
6.102796800121947176e-10
3.239946078301958754e-09
1.603608581281313201e-09
1.687038105232930528e-10
8.450143139846122246e-11
1.697122698972841170e-11
-1.932259364906832072e-08
-1.488221965206955318e-08
6.007500125638067712e-10
3.377761244322629852e-09
1.736842134624944388e-09
1.851002738159067177e-10
9.275225019890513885e-11
1.862771872850948357e-11
-1.968692428003476860e-08
-1.518643316799675292e-08
5.971773311488629807e-10
3.512102930015399956e-09
1.871590993502263080e-09
2.021250523356229154e-10
1.013276629509911794e-10
2.034863129808546568e-11
-1.998562115006867776e-08
-1.543515905640532682e-08
6.034311028990420125e-10
3.643302778374919727e-09
2.005653638928967865e-09
2.194964452243717598e-10
1.100859566372018439e-10
2.210523800885311304e-11
-2.021015832252601685e-08
-1.562015280747657386e-08
6.240546627429150991e-10
3.772190257841354627e-09
2.136586113513697188e-09
2.368650286160784634e-10
1.188504596907919667e-10
2.386179439759283733e-11
-2.035195446197623729e-08
-1.573302819464469876e-08
6.641532164057278743e-10
3.900080631350224029e-09
2.261789153800241071e-09
2.538229058841568379e-10
1.274141410267610590e-10
2.557649331463272698e-11
-2.040256758139033072e-08
-1.576547547768850060e-08
7.291832352674511660e-10
4.028681136265026728e-09
2.378605571969616128e-09
2.699190737346744825e-10
1.355473936835063718e-10
2.720307160333778327e-11
-2.035392960489434716e-08
-1.570953703275044721e-08
8.246232167738077011e-10
4.159892751000049203e-09
2.484413695235852483e-09
2.846796048844405331e-10
1.430083874525076922e-10
2.869291895709652776e-11
-2.019861998647910660e-08
-1.555794208112832678e-08
9.555125139678707880e-10
4.295491669949710537e-09
2.576701381041072510e-09
2.976303569054806595e-10
1.495548524220286853e-10
2.999748589546783148e-11
-1.993017382171672993e-08
-1.530449830139907769e-08
1.125856547582065057e-09
4.436687879226000045e-09
2.653107614859641488e-09
3.083194286711045370e-10
1.549558178451662424e-10
3.107065051400648106e-11
-1.954341642982958087e-08
-1.494453183410587969e-08
1.337915157448028919e-09
4.583578496642170674e-09
2.711426106624755948e-09
3.163367195865489023e-10
1.590019593044244828e-10
3.187080983795523196e-11
-1.903481180532798707e-08
-1.447535919325698339e-08
1.591414554478389534e-09
4.734539061407595898e-09
2.749575448518070083e-09
3.213287999208545275e-10
1.615135246059418117e-10
3.236245703625777719e-11
-1.840280838297964507e-08
-1.389676587063658061e-08
1.882753073157375451e-09
4.885625560733333129e-09
2.765553119915182627e-09
3.230086976355409287e-10
1.623456090054641019e-10
3.251721807328667505e-11
-1.764816175830719428e-08
-1.321145586347036880e-08
2.204301087362164065e-09
5.030087320903243594e-09
2.757400972755261682e-09
3.211617359541452165e-10
1.613912832782433134e-10
3.231441945848749310e-11
-1.677421288902090309e-08
-1.242542696889446289e-08
2.543923375566721580e-09
5.158109174971595685e-09
2.723214954436042316e-09
3.156496648943868693e-10
1.585836404811329809e-10
3.174143363304851387e-11
-1.578710100649638879e-08
-1.154821953439605657e-08
2.884868445047094894e-09
5.256906084957499904e-09
2.661228422532099855e-09
3.064156968923117901e-10
1.538980757574475421e-10
3.079405864569949424e-11
-1.469589544370221603e-08
-1.059298394522601144e-08
3.206168472624491377e-09
5.311272661872252451e-09
2.569985280206117484e-09
2.934923023990568820e-10
1.473557265453143440e-10
2.947712096362212509e-11
-1.351263841168448252e-08
-9.576315244448239603e-09
3.483665546803713785e-09
5.304646196416490536e-09
2.448598283915242080e-09
2.770121072607657055e-10
1.390284081387559504e-10
2.780538090416439043e-11
-1.225230226637462986e-08
-8.517819965249404062e-09
3.691721987655335171e-09
5.220671280280936013e-09
2.297063629445977758e-09
2.572203062562116212e-10
1.290441699250244440e-10
2.580459075936323827e-11
-1.093267354646563296e-08
-7.439403019060597019e-09
3.805582395991173742e-09
5.045167914349519413e-09
2.116581992995713707e-09
2.344853706822814061e-10
1.175921044071993578e-10
2.351243569857634004e-11
-9.574188227812415173e-09
-6.364299677558125460e-09
3.804241473623412788e-09
4.768315779498427610e-09
1.909825396380554590e-09
2.093042529662732451e-10
1.049244972369850509e-10
2.097898543135507985e-11
-8.199738346664477671e-09
-5.315921114492085136e-09
3.673546571054715064e-09
4.386791260105254736e-09
1.681092167586142404e-09
1.822987316652527480e-10
9.135474759565401941e-11
1.826634471263884981e-11
-6.834465075371107920e-09
-4.316627062364411353e-09
3.409150425924110971e-09
3.905553140194584674e-09
1.436310907367930416e-09
1.542013475037542372e-10
7.725026885084416034e-11
1.544734331641604567e-11
-5.505531250006429775e-09
-3.386577090373128939e-09
3.018852066513486752e-09
3.338975043215757496e-09
1.182882487804175529e-09
1.258317014469070860e-10
6.302082793245142853e-11
1.260331853666136369e-11
-4.241840000774285210e-09
-2.542831239108690700e-09
2.523846504465466963e-09
2.711075752689630287e-09
9.293814141678942986e-10
9.806617465967491509e-11
4.910367426906320132e-11
9.821260252613771425e-12
-3.073638256848146408e-09
-1.798861501769679087e-09
1.958465224563836646e-09
2.054692696991712544e-09
6.851632681028288271e-10
7.180556227612796430e-11
3.594774239260976629e-11
7.190729564753169455e-12
-2.031928835422600695e-09
-1.164589937264642702e-09
1.368135471449398356e-09
1.409563511137605328e-09
4.599369849162507303e-10
4.794539673633189394e-11
2.399915916983198680e-11
4.800988435593590652e-12
-1.147620586459393342e-09
-6.469888933999198096e-10
8.055072176123766272e-10
8.194040634156749131e-10
2.633541996211047199e-10
2.735247373313174462e-11
1.368978264897218343e-11
2.738665788559185058e-12
-4.503826679926690750e-10
-2.511730169599365413e-10
3.249676226955802619e-10
3.281795383546440484e-10
1.046455553773149158e-10
1.084884107223097641e-11
5.429352400013434673e-12
1.086082972964011904e-12
3.276825200225965648e-11
1.819914855914954212e-11
-2.395550985718542868e-11
-2.415203408552302417e-11
-7.700668869108395484e-12
-7.984962584014083604e-13
-3.995911333385289249e-13
-7.992074327032680503e-14
2.790407450419157333e-10
1.554876453424196881e-10
-2.035534742973596297e-10
-2.060870989122701241e-10
-6.625679008140557851e-11
-6.886773542697968002e-12
-3.446287814104438572e-12
-6.890870673863727363e-13
2.714230077959246776e-10
1.529164091029419440e-10
-1.943480140036523743e-10
-1.988379680897389878e-10
-6.503537160478112282e-11
-6.792476085826540834e-12
-3.399179454946534961e-12
-6.793958684753774010e-13
2.618272274020352424e-24
2.234052454370897493e-24
-5.434289374200789893e-24
-2.399650314643181073e-24
-9.951178445908566821e-25
-2.153216201557922869e-23
3.051298911540138018e-23
2.481785959428641027e-24
