-2.302585092994045
-2.164429987414403
-2.02627488183476
-1.8881197762551167
-1.7499646706754746
-1.6118095650958315
-1.4736544595161891
-1.3354993539365465
-1.1973442483569037
-1.0591891427772606
-0.921034037197618
-0.7828789316179752
-0.6447238260383323
-0.5065687204586896
-0.3684136148790468
-0.230258509299404
-0.0921034037197613
0.0460517018598814
0.1842068074395242
0.3223619130191669
0.4605170185988097
0.5986721241784525
0.7368272297580952
0.874982335337738
1.0131374409173808
1.1512925464970236
1.2894476520766662
1.4276027576563086
1.5657578632359517
1.703912968815594
1.8420680743952371
1.98022317997488
2.118378285554523
2.2565333911341656
2.394688496713808
2.5328436022934517
2.670998707873094
2.8091538134527365
2.94730891903238
3.085464024612022
3.223619130191665
3.361774235771308
3.4999293413509505
3.638084446930593
3.776239552510236
3.914394658089879
4.052549763669521
4.190704869249164
4.328859974828808
4.4670150804084505
4.605170185988093
4.772173974055077
4.939177762122061
5.106181550189047
5.273185338256031
5.440189126323016
5.607192914390002
5.774196702456987
5.941200490523972
6.108204278590956
6.2752080666579415
6.442211854724927
6.609215642791912
6.776219430858897
6.943223218925882
7.110227006992867
7.277230795059852
7.444234583126836
7.611238371193822
7.778242159260807
7.945245947327792
8.112249735394778
8.279253523461762
8.446257311528747
8.613261099595732
8.780264887662717
8.947268675729703
9.114272463796688
9.281276251863671
9.448280039930657
9.615283827997642
9.782287616064629
9.949291404131614
10.1162951921986
10.283298980265583
10.450302768332568
10.617306556399551
10.784310344466537
10.951314132533522
11.118317920600507