0.000000000000000000e+00
0.000000000000000000e+00
0.000000000000000000e+00
0.000000000000000000e+00
0.000000000000000000e+00
0.000000000000000000e+00
0.000000000000000000e+00
0.000000000000000000e+00
0.000000000000000000e+00
0.000000000000000000e+00
0.000000000000000000e+00
0.000000000000000000e+00
5.800000000000000000e+01
1.210000000000000000e+02
1.560000000000000000e+02
1.850000000000000000e+02
1.990000000000000000e+02
2.080000000000000000e+02
2.220000000000000000e+02
2.360000000000000000e+02
