1.000000000000000000e+00
1.000000000000000000e+00
0.000000000000000000e+00
0.000000000000000000e+00
0.000000000000000000e+00
0.000000000000000000e+00
0.000000000000000000e+00
1.300000000000000000e+01
3.800000000000000000e+01
5.700000000000000000e+01
5.700000000000000000e+01
2.140000000000000000e+02
3.310000000000000000e+02
4.130000000000000000e+02
4.430000000000000000e+02
4.650000000000000000e+02
4.590000000000000000e+02
4.500000000000000000e+02
4.290000000000000000e+02
4.040000000000000000e+02
