1 5.88
2 9.31
3 11.020005070247509
4 11.595609688596156
5 11.777067793788744
6 11.873474399642037
7 11.975550150117547
8 12.099153986286012
9 12.240656192584657
10 12.39384952645036
11 12.553864947615935
12 12.71746176056899
13 12.882590038331951
14 13.047966267956042
15 13.212782571268853
16 13.376526240461526
17 13.53887070699141
18 13.699609389012961
19 13.858614792789037
20 14.015812594512802
21 14.171164787214796
22 14.324658454245645
23 14.476298129069807
24 14.626100499641492
25 14.774090681281603
26 14.920299560511333
27 15.06476188323273
28 15.207514868306529
29 15.348597196954229
30 15.488048274096457
31 15.625907688400671
32 15.762214818748022
33 15.897008549325465
34 16.030327065805707
35 16.162207712256432
36 16.292686893722138
37 16.421800013198407
38 16.549581434483535
39 16.676064464504158
40 16.801281350214197
41 16.925263286341742
42 17.048040431128825
43 17.16964192786808
44 17.29009593056888
45 17.40942963243428
46 17.527669296181028
47 17.64484028542708
48 17.760967096570532
49 17.87607339071872
50 17.990182025335706
51 18.1033150853608
52 18.21549391361809
53 18.32673914038716
54 18.43707071204702
55 18.54650791873479
56 18.655069420986532
57 18.762773275344816
58 18.869636958933103
59 18.97567739300706
60 19.08091096550193
61 19.18535355259536
62 19.289020539331187
63 19.39192683930293
64 19.49408691347518
65 19.59551478813226
66 19.69622407202364
67 19.79622797272406
68 19.89553931224255
69 19.994170541931688
70 20.092133756700804
71 20.189440708594272
72 20.28610281974898
73 20.382131194766863
74 20.477536632524856
75 20.57232963746815
76 20.666520430378146
77 20.76011895868249
78 20.853134906296273
79 20.945577703035074
80 21.037456533615686
81 21.12878034626964
82 21.219557860976686
83 21.309797577353685
84 21.39950778220322
85 21.488696556743584
86 21.57737178353455
87 21.665541153116667
88 21.753212170370272
89 21.840392160618094
90 21.92708827547568
91 22.01330749846637
92 22.099056650404524
93 22.184342394576962
94 22.2691712417012
95 22.353549554701484
96 22.437483553292616
97 22.520979318387063
98 22.604042796331974
99 22.686679802984294
100 22.76889602763083