2.940820170587060645e+01
2.139588871343421417e+01
1.071593399822671167e+01
9.461848194722001892e+00
9.203731996618220279e+00
9.203731996618220279e+00
9.203731996618220279e+00
2.860595535175744786e+01
2.081221569986337272e+01
1.071593399822671167e+01
9.461848194722001892e+00
9.203731996618220279e+00
9.203731996618220279e+00
9.203731996618220279e+00
2.782559402207125743e+01
2.052637752709252084e+01
1.056875971184805074e+01
9.331897715733239451e+00
9.077326525210223096e+00
9.203731996618220279e+00
9.203731996618220279e+00
2.706652070033241131e+01
2.024446509976801778e+01
1.056875971184805074e+01
9.331897715733239451e+00
9.077326525210223096e+00
9.203731996618220279e+00
9.203731996618220279e+00
2.632815465648020137e+01
1.969220255479173431e+01
1.042360673976401131e+01
9.331897715733239451e+00
9.077326525210223096e+00
9.203731996618220279e+00
9.203731996618220279e+00
2.560993100258456678e+01
1.942174681489024479e+01
1.042360673976401131e+01
9.203731996618220279e+00
9.077326525210223096e+00
9.203731996618220279e+00
9.203731996618220279e+00
2.491130026067791192e+01
1.915500555573527919e+01
1.028044732093309754e+01
9.203731996618220279e+00
9.077326525210223096e+00
9.203731996618220279e+00
9.203731996618220279e+00
2.423172794237600769e+01
1.889192776207664437e+01
1.028044732093309754e+01
9.203731996618220279e+00
9.077326525210223096e+00
9.203731996618220279e+00
9.203731996618220279e+00
2.389892566231047866e+01
1.863246311931559873e+01
1.028044732093309754e+01
9.077326525210223096e+00
9.077326525210223096e+00
9.203731996618220279e+00
9.203731996618220279e+00
2.324697059985650327e+01
1.812417547374235838e+01
1.013925407558814307e+01
9.077326525210223096e+00
9.077326525210223096e+00
9.203731996618220279e+00
9.203731996618220279e+00
2.261280066337279493e+01
1.787525525904235479e+01
1.013925407558814307e+01
9.077326525210223096e+00
9.077326525210223096e+00
9.203731996618220279e+00
9.203731996618220279e+00
2.230223297965936169e+01
1.762975375287203761e+01
1.000000000000000000e+01
9.077326525210223096e+00
9.077326525210223096e+00
9.203731996618220279e+00
9.203731996618220279e+00
2.169383518385182086e+01
1.738762400216250370e+01
1.000000000000000000e+01
8.952657125996392296e+00
9.077326525210223096e+00
9.203731996618220279e+00
9.203731996618220279e+00
2.139588871343421417e+01
1.714881969870540956e+01
1.000000000000000000e+01
8.952657125996392296e+00
9.077326525210223096e+00
9.203731996618220279e+00
9.203731996618220279e+00
2.110203428568596706e+01
1.691329517029647178e+01
9.862658461312820535e+00
8.952657125996392296e+00
9.077326525210223096e+00
9.203731996618220279e+00
9.203731996618220279e+00
2.052637752709252084e+01
1.668100537200059108e+01
9.862658461312820535e+00
8.829699955494092478e+00
9.077326525210223096e+00
9.203731996618220279e+00
9.203731996618220279e+00
2.024446509976801778e+01
1.668100537200059108e+01
9.862658461312820535e+00
8.829699955494092478e+00
9.077326525210223096e+00
9.203731996618220279e+00
9.331897715733239451e+00
1.996642450109793288e+01
1.645190587753660694e+01
9.727203192450536662e+00
8.829699955494092478e+00
9.077326525210223096e+00
9.331897715733239451e+00
9.331897715733239451e+00
1.969220255479173431e+01
1.622595287078087267e+01
9.727203192450536662e+00
8.829699955494092478e+00
9.077326525210223096e+00
9.331897715733239451e+00
9.331897715733239451e+00
1.915500555573527919e+01
1.600310313738701851e+01
9.727203192450536662e+00
8.829699955494092478e+00
9.077326525210223096e+00
9.331897715733239451e+00
9.331897715733239451e+00
1.889192776207664437e+01
1.578331405652116537e+01
9.593608287093147169e+00
8.708431497690723333e+00
9.077326525210223096e+00
9.331897715733239451e+00
9.331897715733239451e+00
1.863246311931559873e+01
1.556654359271061949e+01
9.593608287093147169e+00
8.708431497690723333e+00
9.077326525210223096e+00
9.331897715733239451e+00
9.331897715733239451e+00
1.837656200388172323e+01
1.556654359271061949e+01
9.593608287093147169e+00
8.708431497690723333e+00
9.077326525210223096e+00
9.331897715733239451e+00
9.331897715733239451e+00
1.812417547374235838e+01
1.535275028780421103e+01
9.461848194722001892e+00
8.708431497690723333e+00
9.077326525210223096e+00
9.331897715733239451e+00
9.331897715733239451e+00
1.787525525904235479e+01
1.514189325304351996e+01
9.461848194722001892e+00
8.708431497690723333e+00
9.077326525210223096e+00
9.461848194722001892e+00
9.461848194722001892e+00
1.762975375287203761e+01
1.493393216124253264e+01
9.461848194722001892e+00
8.588828559546250574e+00
9.077326525210223096e+00
9.461848194722001892e+00
9.461848194722001892e+00
1.738762400216250370e+01
1.493393216124253264e+01
9.461848194722001892e+00
8.588828559546250574e+00
9.077326525210223096e+00
9.461848194722001892e+00
9.461848194722001892e+00
1.714881969870540956e+01
1.472882723907501834e+01
9.331897715733239451e+00
8.588828559546250574e+00
9.077326525210223096e+00
9.461848194722001892e+00
9.461848194722001892e+00
1.691329517029647178e+01
1.452653925946781222e+01
9.331897715733239451e+00
8.588828559546250574e+00
9.203731996618220279e+00
9.461848194722001892e+00
9.461848194722001892e+00
1.668100537200059108e+01
1.432702953409829405e+01
9.331897715733239451e+00
8.588828559546250574e+00
9.203731996618220279e+00
9.461848194722001892e+00
9.461848194722001892e+00
1.645190587753660694e+01
1.432702953409829405e+01
9.331897715733239451e+00
8.588828559546250574e+00
9.203731996618220279e+00
9.593608287093147169e+00
9.593608287093147169e+00
1.645190587753660694e+01
1.413025990599533621e+01
9.203731996618220279e+00
8.588828559546250574e+00
9.203731996618220279e+00
9.593608287093147169e+00
9.593608287093147169e+00
1.622595287078087267e+01
1.413025990599533621e+01
9.203731996618220279e+00
8.470868266557403103e+00
9.203731996618220279e+00
9.593608287093147169e+00
9.593608287093147169e+00
1.600310313738701851e+01
1.393619274224143467e+01
9.203731996618220279e+00
8.470868266557403103e+00
9.203731996618220279e+00
9.593608287093147169e+00
9.593608287093147169e+00
1.578331405652116537e+01
1.374479092677536585e+01
9.203731996618220279e+00
8.470868266557403103e+00
9.203731996618220279e+00
9.593608287093147169e+00
9.593608287093147169e+00
1.556654359271061949e+01
1.374479092677536585e+01
9.077326525210223096e+00
8.470868266557403103e+00
9.203731996618220279e+00
9.593608287093147169e+00
9.593608287093147169e+00
1.556654359271061949e+01
1.355601785329368880e+01
9.077326525210223096e+00
8.470868266557403103e+00
9.203731996618220279e+00
9.593608287093147169e+00
9.593608287093147169e+00
1.535275028780421103e+01
1.355601785329368880e+01
9.077326525210223096e+00
8.470868266557403103e+00
9.203731996618220279e+00
9.727203192450536662e+00
9.727203192450536662e+00
1.514189325304351996e+01
1.336983741824945149e+01
9.077326525210223096e+00
8.470868266557403103e+00
9.203731996618220279e+00
9.727203192450536662e+00
9.727203192450536662e+00
1.493393216124253264e+01
1.336983741824945149e+01
9.077326525210223096e+00
8.354528058382863165e+00
9.331897715733239451e+00
9.727203192450536662e+00
9.727203192450536662e+00
1.493393216124253264e+01
1.318621401394748460e+01
8.952657125996392296e+00
8.354528058382863165e+00
9.331897715733239451e+00
9.727203192450536662e+00
9.727203192450536662e+00
1.472882723907501834e+01
1.300511252173409815e+01
8.952657125996392296e+00
8.354528058382863165e+00
9.331897715733239451e+00
9.727203192450536662e+00
9.727203192450536662e+00
1.452653925946781222e+01
1.300511252173409815e+01
8.952657125996392296e+00
8.354528058382863165e+00
9.331897715733239451e+00
9.727203192450536662e+00
9.727203192450536662e+00
1.452653925946781222e+01
1.282649830528059809e+01
8.952657125996392296e+00
8.354528058382863165e+00
9.331897715733239451e+00
9.727203192450536662e+00
9.727203192450536662e+00
1.432702953409829405e+01
1.282649830528059809e+01
8.952657125996392296e+00
8.354528058382863165e+00
9.331897715733239451e+00
9.727203192450536662e+00
9.727203192450536662e+00
1.413025990599533621e+01
1.265033720395903849e+01
8.829699955494092478e+00
8.354528058382863165e+00
9.331897715733239451e+00
9.727203192450536662e+00
9.727203192450536662e+00
1.413025990599533621e+01
1.265033720395903849e+01
8.829699955494092478e+00
8.354528058382863165e+00
9.331897715733239451e+00
9.727203192450536662e+00
9.727203192450536662e+00
1.393619274224143467e+01
1.247659552630868518e+01
8.829699955494092478e+00
8.354528058382863165e+00
9.331897715733239451e+00
9.727203192450536662e+00
9.727203192450536662e+00
1.393619274224143467e+01
1.247659552630868518e+01
8.829699955494092478e+00
8.239785684528520449e+00
9.331897715733239451e+00
9.727203192450536662e+00
9.727203192450536662e+00
1.374479092677536585e+01
1.247659552630868518e+01
8.829699955494092478e+00
8.239785684528520449e+00
9.331897715733239451e+00
9.727203192450536662e+00
9.727203192450536662e+00
1.355601785329368880e+01
1.230524004359261525e+01
8.829699955494092478e+00
8.239785684528520449e+00
9.331897715733239451e+00
9.727203192450536662e+00
9.727203192450536662e+00
1.355601785329368880e+01
1.230524004359261525e+01
8.708431497690723333e+00
8.239785684528520449e+00
9.331897715733239451e+00
9.727203192450536662e+00
9.727203192450536662e+00
1.336983741824945149e+01
1.213623798344241678e+01
8.708431497690723333e+00
8.239785684528520449e+00
9.331897715733239451e+00
9.727203192450536662e+00
9.727203192450536662e+00
1.336983741824945149e+01
1.213623798344241678e+01
8.708431497690723333e+00
8.239785684528520449e+00
9.331897715733239451e+00
9.727203192450536662e+00
9.727203192450536662e+00
1.318621401394748460e+01
1.196955702359042739e+01
8.708431497690723333e+00
8.239785684528520449e+00
9.331897715733239451e+00
9.727203192450536662e+00
9.727203192450536662e+00
1.318621401394748460e+01
1.196955702359042739e+01
8.708431497690723333e+00
8.239785684528520449e+00
9.331897715733239451e+00
9.727203192450536662e+00
9.727203192450536662e+00
1.300511252173409815e+01
1.196955702359042739e+01
8.708431497690723333e+00
8.239785684528520449e+00
9.331897715733239451e+00
9.727203192450536662e+00
9.593608287093147169e+00
1.300511252173409815e+01
1.180516528568805512e+01
8.588828559546250574e+00
8.126619200091946382e+00
9.331897715733239451e+00
9.593608287093147169e+00
9.593608287093147169e+00
1.282649830528059809e+01
1.180516528568805512e+01
8.588828559546250574e+00
8.126619200091946382e+00
9.331897715733239451e+00
9.593608287093147169e+00
9.593608287093147169e+00
1.282649830528059809e+01
1.164303132920875683e+01
8.588828559546250574e+00
8.126619200091946382e+00
9.331897715733239451e+00
9.593608287093147169e+00
9.593608287093147169e+00
1.265033720395903849e+01
1.164303132920875683e+01
8.588828559546250574e+00
8.126619200091946382e+00
9.331897715733239451e+00
9.593608287093147169e+00
9.593608287093147169e+00
1.265033720395903849e+01
1.164303132920875683e+01
8.588828559546250574e+00
8.126619200091946382e+00
9.331897715733239451e+00
9.593608287093147169e+00
9.593608287093147169e+00
1.247659552630868518e+01
1.148312414543511117e+01
8.588828559546250574e+00
8.126619200091946382e+00
9.331897715733239451e+00
9.593608287093147169e+00
9.461848194722001892e+00
1.247659552630868518e+01
1.148312414543511117e+01
8.588828559546250574e+00
8.126619200091946382e+00
9.331897715733239451e+00
9.461848194722001892e+00
9.461848194722001892e+00
1.247659552630868518e+01
1.148312414543511117e+01
8.470868266557403103e+00
8.126619200091946382e+00
9.331897715733239451e+00
9.461848194722001892e+00
9.461848194722001892e+00
1.230524004359261525e+01
1.132541315152812622e+01
8.470868266557403103e+00
8.126619200091946382e+00
9.331897715733239451e+00
9.461848194722001892e+00
9.461848194722001892e+00
1.230524004359261525e+01
1.132541315152812622e+01
8.470868266557403103e+00
8.126619200091946382e+00
9.331897715733239451e+00
9.461848194722001892e+00
9.331897715733239451e+00
1.213623798344241678e+01
1.132541315152812622e+01
8.470868266557403103e+00
8.126619200091946382e+00
9.331897715733239451e+00
9.331897715733239451e+00
9.331897715733239451e+00
1.213623798344241678e+01
1.116986818467822573e+01
8.470868266557403103e+00
8.015006961565404708e+00
9.331897715733239451e+00
9.331897715733239451e+00
9.331897715733239451e+00
1.196955702359042739e+01
1.116986818467822573e+01
8.470868266557403103e+00
8.015006961565404708e+00
9.331897715733239451e+00
9.331897715733239451e+00
9.331897715733239451e+00
1.196955702359042739e+01
1.116986818467822573e+01
8.470868266557403103e+00
8.015006961565404708e+00
9.203731996618220279e+00
9.331897715733239451e+00
9.203731996618220279e+00
1.196955702359042739e+01
1.101645949633656940e+01
8.354528058382863165e+00
8.015006961565404708e+00
9.203731996618220279e+00
9.203731996618220279e+00
9.203731996618220279e+00
1.180516528568805512e+01
1.101645949633656940e+01
8.354528058382863165e+00
8.015006961565404708e+00
9.203731996618220279e+00
9.203731996618220279e+00
9.203731996618220279e+00
1.180516528568805512e+01
1.101645949633656940e+01
8.354528058382863165e+00
8.015006961565404708e+00
9.203731996618220279e+00
9.203731996618220279e+00
9.203731996618220279e+00
1.164303132920875683e+01
1.086515774652537303e+01
8.354528058382863165e+00
8.015006961565404708e+00
9.203731996618220279e+00
9.203731996618220279e+00
9.077326525210223096e+00
1.164303132920875683e+01
1.086515774652537303e+01
8.354528058382863165e+00
8.015006961565404708e+00
9.203731996618220279e+00
9.077326525210223096e+00
9.077326525210223096e+00
1.164303132920875683e+01
1.086515774652537303e+01
8.354528058382863165e+00
8.015006961565404708e+00
9.203731996618220279e+00
9.077326525210223096e+00
9.077326525210223096e+00
1.148312414543511117e+01
1.071593399822671167e+01
8.354528058382863165e+00
8.015006961565404708e+00
9.077326525210223096e+00
9.077326525210223096e+00
8.952657125996392296e+00
1.148312414543511117e+01
1.071593399822671167e+01
8.354528058382863165e+00
8.015006961565404708e+00
9.077326525210223096e+00
8.952657125996392296e+00
8.952657125996392296e+00
1.148312414543511117e+01
1.071593399822671167e+01
8.239785684528520449e+00
8.015006961565404708e+00
9.077326525210223096e+00
8.952657125996392296e+00
8.952657125996392296e+00
1.132541315152812622e+01
1.056875971184805074e+01
8.239785684528520449e+00
7.904927622696420464e+00
9.077326525210223096e+00
8.952657125996392296e+00
8.829699955494092478e+00
1.132541315152812622e+01
1.056875971184805074e+01
8.239785684528520449e+00
7.904927622696420464e+00
9.077326525210223096e+00
8.829699955494092478e+00
8.829699955494092478e+00
1.132541315152812622e+01
1.056875971184805074e+01
8.239785684528520449e+00
7.904927622696420464e+00
9.077326525210223096e+00
8.829699955494092478e+00
8.829699955494092478e+00
1.116986818467822573e+01
1.056875971184805074e+01
8.239785684528520449e+00
7.904927622696420464e+00
8.952657125996392296e+00
8.829699955494092478e+00
8.708431497690723333e+00
1.116986818467822573e+01
1.042360673976401131e+01
8.239785684528520449e+00
7.904927622696420464e+00
8.952657125996392296e+00
8.829699955494092478e+00
8.708431497690723333e+00
1.116986818467822573e+01
1.042360673976401131e+01
8.239785684528520449e+00
7.904927622696420464e+00
8.952657125996392296e+00
8.708431497690723333e+00
8.708431497690723333e+00
1.101645949633656940e+01
1.042360673976401131e+01
8.239785684528520449e+00
7.904927622696420464e+00
8.952657125996392296e+00
8.708431497690723333e+00
8.708431497690723333e+00
1.101645949633656940e+01
1.042360673976401131e+01
8.126619200091946382e+00
7.904927622696420464e+00
8.952657125996392296e+00
8.708431497690723333e+00
8.588828559546250574e+00
1.101645949633656940e+01
1.028044732093309754e+01
8.126619200091946382e+00
7.904927622696420464e+00
8.829699955494092478e+00
8.588828559546250574e+00
8.588828559546250574e+00
1.086515774652537303e+01
1.028044732093309754e+01
8.126619200091946382e+00
7.904927622696420464e+00
8.829699955494092478e+00
8.588828559546250574e+00
8.588828559546250574e+00
1.086515774652537303e+01
1.028044732093309754e+01
8.126619200091946382e+00
7.904927622696420464e+00
8.829699955494092478e+00
8.588828559546250574e+00
8.470868266557403103e+00
1.086515774652537303e+01
1.028044732093309754e+01
8.126619200091946382e+00
7.904927622696420464e+00
8.829699955494092478e+00
8.470868266557403103e+00
8.470868266557403103e+00
1.086515774652537303e+01
1.013925407558814307e+01
8.126619200091946382e+00
7.796360130405228794e+00
8.829699955494092478e+00
8.470868266557403103e+00
8.470868266557403103e+00
1.071593399822671167e+01
1.013925407558814307e+01
8.126619200091946382e+00
7.796360130405228794e+00
8.708431497690723333e+00
8.470868266557403103e+00
8.354528058382863165e+00
1.071593399822671167e+01
1.013925407558814307e+01
8.126619200091946382e+00
7.796360130405228794e+00
8.708431497690723333e+00
8.354528058382863165e+00
8.354528058382863165e+00
1.071593399822671167e+01
1.013925407558814307e+01
8.126619200091946382e+00
7.796360130405228794e+00
8.708431497690723333e+00
8.354528058382863165e+00
8.354528058382863165e+00
1.056875971184805074e+01
1.000000000000000000e+01
8.015006961565404708e+00
7.796360130405228794e+00
8.708431497690723333e+00
8.354528058382863165e+00
8.239785684528520449e+00
1.056875971184805074e+01
1.000000000000000000e+01
8.015006961565404708e+00
7.796360130405228794e+00
8.588828559546250574e+00
8.354528058382863165e+00
8.239785684528520449e+00
1.056875971184805074e+01
1.000000000000000000e+01
8.015006961565404708e+00
7.796360130405228794e+00
8.588828559546250574e+00
8.239785684528520449e+00
8.239785684528520449e+00
1.056875971184805074e+01
1.000000000000000000e+01
8.015006961565404708e+00
7.796360130405228794e+00
8.588828559546250574e+00
8.239785684528520449e+00
8.239785684528520449e+00
1.056875971184805074e+01
1.000000000000000000e+01
8.015006961565404708e+00
7.796360130405228794e+00
8.588828559546250574e+00
8.239785684528520449e+00
8.239785684528520449e+00
8.470868266557403103e+00
8.239785684528520449e+00
7.275483529196224985e+00
7.077010661181889262e+00
6.696160054853222299e+00
6.162966255132942273e+00
6.078323128297229871e+00
7.689283720758313123e+00
7.583677914997190683e+00
6.979813907830660469e+00
6.696160054853222299e+00
5.751217071841614015e+00
5.148867450137492696e+00
5.148867450137492696e+00
7.583677914997190683e+00
7.479522515621821022e+00
6.883952069645496330e+00
6.424033659394190465e+00
5.220567527846974976e+00
4.609604486828433600e+00
4.546295469532399380e+00
7.583677914997190683e+00
7.479522515621821022e+00
6.883952069645496330e+00
6.335804992658247592e+00
4.871780218794630635e+00
4.242556430717777438e+00
4.184288507901579912e+00
7.796360130405228794e+00
7.689283720758313123e+00
6.979813907830660469e+00
6.335804992658247592e+00
4.609604486828433600e+00
3.959110266468458761e+00
3.904735236885560123e+00
8.126619200091946382e+00
8.015006961565404708e+00
7.175560918936928267e+00
6.335804992658247592e+00
4.422273980505896596e+00
3.746050032748993175e+00
3.694601205199302463e+00
8.588828559546250574e+00
8.470868266557403103e+00
7.479522515621821022e+00
6.424033659394190465e+00
4.242556430717777438e+00
3.544455673970435594e+00
3.495775574363275240e+00
9.077326525210223096e+00
8.952657125996392296e+00
7.796360130405228794e+00
6.513490946272802340e+00
4.126820845702951601e+00
3.400411932703705897e+00
3.353710152002928879e+00
9.593608287093147169e+00
9.593608287093147169e+00
8.239785684528520449e+00
6.696160054853222299e+00
4.070142453219438572e+00
3.307649780744242651e+00
3.262222009711670090e+00
1.028044732093309754e+01
1.013925407558814307e+01
8.708431497690723333e+00
6.789406812696105575e+00
3.959110266468458761e+00
3.173229634734976212e+00
3.129648010670750491e+00
1.086515774652537303e+01
1.086515774652537303e+01
9.331897715733239451e+00
6.979813907830660469e+00
3.904735236885560123e+00
3.086664943337274369e+00
3.044272212064302874e+00
1.164303132920875683e+01
1.148312414543511117e+01
1.000000000000000000e+01
7.175560918936928267e+00
3.851107002325568907e+00
3.002461709085549213e+00
2.961225437988034503e+00
1.230524004359261525e+01
1.230524004359261525e+01
1.101645949633656940e+01
7.376797602527730646e+00
3.798215306190736218e+00
2.961225437988034503e+00
2.920555512182744895e+00
1.300511252173409815e+01
1.300511252173409815e+01
1.282649830528059809e+01
7.583677914997190683e+00
3.746050032748993175e+00
2.880444153396297668e+00
2.840883690183304111e+00
1.374479092677536585e+01
1.393619274224143467e+01
1.000000000000000000e+03
7.796360130405228794e+00
3.694601205199302463e+00
2.840883690183304111e+00
2.763385290053169907e+00
1.432702953409829405e+01
1.472882723907501834e+01
1.000000000000000000e+03
8.126619200091946382e+00
3.694601205199302463e+00
2.763385290053169907e+00
2.725432531281027693e+00
1.514189325304351996e+01
1.556654359271061949e+01
1.000000000000000000e+03
8.354528058382863165e+00
3.643858983763544224e+00
2.725432531281027693e+00
2.688001021537604895e+00
1.578331405652116537e+01
1.645190587753660694e+01
1.000000000000000000e+03
8.708431497690723333e+00
3.643858983763544224e+00
2.688001021537604895e+00
2.614673211801092023e+00
1.645190587753660694e+01
1.738762400216250370e+01
1.000000000000000000e+03
9.077326525210223096e+00
3.593813663804625858e+00
2.651083601908538867e+00
2.578762887593800901e+00
1.738762400216250370e+01
1.837656200388172323e+01
1.000000000000000000e+03
9.461848194722001892e+00
3.593813663804625858e+00
2.614673211801092023e+00
2.543345761304648178e+00
1.812417547374235838e+01
1.942174681489024479e+01
1.000000000000000000e+03
1.000000000000000000e+01
3.593813663804625858e+00
2.543345761304648178e+00
2.508415059277538717e+00
1.863246311931559873e+01
2.024446509976801778e+01
1.000000000000000000e+03
1.071593399822671167e+01
3.544455673970435594e+00
2.543345761304648178e+00
2.473964100886814066e+00
1.942174681489024479e+01
2.139588871343421417e+01
1.000000000000000000e+03
1.213623798344241678e+01
3.544455673970435594e+00
2.508415059277538717e+00
2.439986297259550074e+00
2.024446509976801778e+01
2.261280066337279493e+01
1.000000000000000000e+03
1.000000000000000000e+03
3.544455673970435594e+00
2.473964100886814066e+00
2.406475150015424003e+00
2.081221569986337272e+01
2.389892566231047866e+01
1.000000000000000000e+03
1.000000000000000000e+03
3.544455673970435594e+00
2.439986297259550074e+00
2.373424250023866033e+00
2.169383518385182086e+01
2.525820026962784581e+01
1.000000000000000000e+03
1.000000000000000000e+03
3.495775574363275240e+00
2.406475150015424003e+00
2.340827276178291783e+00
2.230223297965936169e+01
2.632815465648020137e+01
1.000000000000000000e+03
1.000000000000000000e+03
3.495775574363275240e+00
2.373424250023866033e+00
2.340827276178291783e+00
2.324697059985650327e+01
2.782559402207125743e+01
1.000000000000000000e+03
1.000000000000000000e+03
3.495775574363275240e+00
2.373424250023866033e+00
2.308677994187169791e+00
2.389892566231047866e+01
2.940820170587060645e+01
1.000000000000000000e+03
1.000000000000000000e+03
3.495775574363275240e+00
2.340827276178291783e+00
2.276970255381680186e+00
2.456916462982790250e+01
3.108082173869063780e+01
1.000000000000000000e+03
1.000000000000000000e+03
3.495775574363275240e+00
2.308677994187169791e+00
2.245697995539774006e+00
2.525820026962784581e+01
3.330600343624588788e+01
1.000000000000000000e+03
1.000000000000000000e+03
3.495775574363275240e+00
2.276970255381680186e+00
2.245697995539774006e+00
2.596655972934872381e+01
3.520031472796682692e+01
1.000000000000000000e+03
1.000000000000000000e+03
3.447764054734464345e+00
2.276970255381680186e+00
2.214855233726359174e+00
2.669478494034323646e+01
3.772042493417001197e+01
1.000000000000000000e+03
1.000000000000000000e+03
3.447764054734464345e+00
2.245697995539774006e+00
2.184436071149426173e+00
2.744343303228362529e+01
4.042095839796309775e+01
1.000000000000000000e+03
1.000000000000000000e+03
3.447764054734464345e+00
2.245697995539774006e+00
2.184436071149426173e+00
2.821307675939470627e+01
4.331483223376402947e+01
1.000000000000000000e+03
1.000000000000000000e+03
3.447764054734464345e+00
2.214855233726359174e+00
2.154434690031884259e+00
2.900430493863991543e+01
4.706224849841281355e+01
1.000000000000000000e+03
1.000000000000000000e+03
3.447764054734464345e+00
2.184436071149426173e+00
2.124845352498883067e+00
2.981772290019673477e+01
5.184593543892913203e+01
1.000000000000000000e+03
1.000000000000000000e+03
3.447764054734464345e+00
2.184436071149426173e+00
2.124845352498883067e+00
3.065395295056529790e+01
5.791122647641758192e+01
1.000000000000000000e+03
1.000000000000000000e+03
3.447764054734464345e+00
2.154434690031884259e+00
2.095662399480433091e+00
3.151363484866476128e+01
6.836516004510238531e+01
1.000000000000000000e+03
1.000000000000000000e+03
3.447764054734464345e+00
2.154434690031884259e+00
2.095662399480433091e+00
3.195247505759213524e+01
9.396648314954690306e+01
1.000000000000000000e+03
1.000000000000000000e+03
3.447764054734464345e+00
2.124845352498883067e+00
2.066880249629082122e+00
3.284857366030046677e+01
1.000000000000000000e+03
1.000000000000000000e+03
1.000000000000000000e+03
3.447764054734464345e+00
2.124845352498883067e+00
2.066880249629082122e+00
3.330600343624588788e+01
1.000000000000000000e+03
1.000000000000000000e+03
1.000000000000000000e+03
3.447764054734464345e+00
2.095662399480433091e+00
2.038493398252462008e+00
3.424006137971425545e+01
1.000000000000000000e+03
1.000000000000000000e+03
1.000000000000000000e+03
3.447764054734464345e+00
2.095662399480433091e+00
2.038493398252462008e+00
3.520031472796682692e+01
1.000000000000000000e+03
1.000000000000000000e+03
1.000000000000000000e+03
3.447764054734464345e+00
2.066880249629082122e+00
2.010496416260499242e+00
3.569049345675229290e+01
1.000000000000000000e+03
1.000000000000000000e+03
1.000000000000000000e+03
3.447764054734464345e+00
2.066880249629082122e+00
2.010496416260499242e+00
3.669142378402494131e+01
1.000000000000000000e+03
1.000000000000000000e+03
1.000000000000000000e+03
3.447764054734464345e+00
2.066880249629082122e+00
1.982883949127071332e+00
3.720236681413065583e+01
1.000000000000000000e+03
1.000000000000000000e+03
1.000000000000000000e+03
3.447764054734464345e+00
2.038493398252462008e+00
1.982883949127071332e+00
3.824569722466998911e+01
1.000000000000000000e+03
1.000000000000000000e+03
1.000000000000000000e+03
3.447764054734464345e+00
2.038493398252462008e+00
1.955650715865949074e+00
3.877828414589453132e+01
1.000000000000000000e+03
1.000000000000000000e+03
1.000000000000000000e+03
3.447764054734464345e+00
2.010496416260499242e+00
1.955650715865949074e+00
3.931828755705770106e+01
1.000000000000000000e+03
1.000000000000000000e+03
1.000000000000000000e+03
3.447764054734464345e+00
2.010496416260499242e+00
1.928791508020777812e+00
4.042095839796309775e+01
1.000000000000000000e+03
1.000000000000000000e+03
1.000000000000000000e+03
3.447764054734464345e+00
1.982883949127071332e+00
1.928791508020777812e+00
4.098383671757261482e+01
1.000000000000000000e+03
1.000000000000000000e+03
1.000000000000000000e+03
3.447764054734464345e+00
1.982883949127071332e+00
1.928791508020777812e+00
4.155455334718870830e+01
1.000000000000000000e+03
1.000000000000000000e+03
1.000000000000000000e+03
3.447764054734464345e+00
1.982883949127071332e+00
1.902301188668943821e+00
4.271993966306776969e+01
1.000000000000000000e+03
1.000000000000000000e+03
1.000000000000000000e+03
3.447764054734464345e+00
1.955650715865949074e+00
1.902301188668943821e+00
4.331483223376402947e+01
1.000000000000000000e+03
1.000000000000000000e+03
1.000000000000000000e+03
3.447764054734464345e+00
1.955650715865949074e+00
1.876174691439121522e+00
4.391800892596086214e+01
1.000000000000000000e+03
1.000000000000000000e+03
1.000000000000000000e+03
3.447764054734464345e+00
1.955650715865949074e+00
1.876174691439121522e+00
4.452958509942650522e+01
1.000000000000000000e+03
1.000000000000000000e+03
1.000000000000000000e+03
3.447764054734464345e+00
1.928791508020777812e+00
1.876174691439121522e+00
4.514967772036101934e+01
1.000000000000000000e+03
1.000000000000000000e+03
1.000000000000000000e+03
3.447764054734464345e+00
1.928791508020777812e+00
1.850407019542302134e+00
4.641588833612782139e+01
1.000000000000000000e+03
1.000000000000000000e+03
1.000000000000000000e+03
3.447764054734464345e+00
1.928791508020777812e+00
1.850407019542302134e+00
4.706224849841281355e+01
1.000000000000000000e+03
1.000000000000000000e+03
1.000000000000000000e+03
3.447764054734464345e+00
1.902301188668943821e+00
1.850407019542302134e+00
4.771760948938740654e+01
1.000000000000000000e+03
1.000000000000000000e+03
1.000000000000000000e+03
3.447764054734464345e+00
1.902301188668943821e+00
1.824993244816152327e+00
4.838209664925957298e+01
1.000000000000000000e+03
1.000000000000000000e+03
1.000000000000000000e+03
3.447764054734464345e+00
1.902301188668943821e+00
1.824993244816152327e+00
4.905583706365045771e+01
1.000000000000000000e+03
1.000000000000000000e+03
1.000000000000000000e+03
3.447764054734464345e+00
1.876174691439121522e+00
1.824993244816152327e+00
4.973895958790068050e+01
1.000000000000000000e+03
1.000000000000000000e+03
1.000000000000000000e+03
3.447764054734464345e+00
1.876174691439121522e+00
1.799928506782476401e+00
5.043159487171358535e+01
1.000000000000000000e+03
1.000000000000000000e+03
1.000000000000000000e+03
3.447764054734464345e+00
1.876174691439121522e+00
1.799928506782476401e+00
5.113387538414320943e+01
1.000000000000000000e+03
1.000000000000000000e+03
1.000000000000000000e+03
3.447764054734464345e+00
1.850407019542302134e+00
1.799928506782476401e+00
5.256791122018419316e+01
1.000000000000000000e+03
1.000000000000000000e+03
1.000000000000000000e+03
3.447764054734464345e+00
1.850407019542302134e+00
1.775208011717634093e+00
5.329994080844092963e+01
1.000000000000000000e+03
1.000000000000000000e+03
1.000000000000000000e+03
3.447764054734464345e+00
1.850407019542302134e+00
1.775208011717634093e+00
5.404216420705915169e+01
1.000000000000000000e+03
1.000000000000000000e+03
1.000000000000000000e+03
3.495775574363275240e+00
1.850407019542302134e+00
1.775208011717634093e+00
5.479472336900281704e+01
1.000000000000000000e+03
1.000000000000000000e+03
1.000000000000000000e+03
3.495775574363275240e+00
1.824993244816152327e+00
1.750827031735725070e+00
5.555776222398877451e+01
1.000000000000000000e+03
1.000000000000000000e+03
1.000000000000000000e+03
3.495775574363275240e+00
1.824993244816152327e+00
1.750827031735725070e+00
5.633142670601351654e+01
1.000000000000000000e+03
1.000000000000000000e+03
1.000000000000000000e+03
3.495775574363275240e+00
1.824993244816152327e+00
1.750827031735725070e+00
5.711586478126434940e+01
1.000000000000000000e+03
1.000000000000000000e+03
1.000000000000000000e+03
3.495775574363275240e+00
1.799928506782476401e+00
1.750827031735725070e+00
5.711586478126434940e+01
1.000000000000000000e+03
1.000000000000000000e+03
1.000000000000000000e+03
3.495775574363275240e+00
1.799928506782476401e+00
1.726780903884356011e+00
5.791122647641758192e+01
1.000000000000000000e+03
1.000000000000000000e+03
1.000000000000000000e+03
3.495775574363275240e+00
1.799928506782476401e+00
1.726780903884356011e+00
5.871766390733249352e+01
1.000000000000000000e+03
1.000000000000000000e+03
1.000000000000000000e+03
3.495775574363275240e+00
1.799928506782476401e+00
1.726780903884356011e+00
5.953533130814370367e+01
1.000000000000000000e+03
1.000000000000000000e+03
1.000000000000000000e+03
3.495775574363275240e+00
1.775208011717634093e+00
1.703065029252844420e+00
6.036438506075863586e+01
1.000000000000000000e+03
1.000000000000000000e+03
1.000000000000000000e+03
3.495775574363275240e+00
1.775208011717634093e+00
1.703065029252844420e+00
6.120498372476702542e+01
1.000000000000000000e+03
1.000000000000000000e+03
1.000000000000000000e+03
3.495775574363275240e+00
1.775208011717634093e+00
1.703065029252844420e+00
6.205728806776500761e+01
1.000000000000000000e+03
1.000000000000000000e+03
1.000000000000000000e+03
3.495775574363275240e+00
1.775208011717634093e+00
1.703065029252844420e+00
6.292146109610337845e+01
1.000000000000000000e+03
1.000000000000000000e+03
1.000000000000000000e+03
3.495775574363275240e+00
1.750827031735725070e+00
1.679674872092653093e+00
6.379766808606282069e+01
1.000000000000000000e+03
1.000000000000000000e+03
1.000000000000000000e+03
3.495775574363275240e+00
1.750827031735725070e+00
1.679674872092653093e+00
6.468607661546320742e+01
1.000000000000000000e+03
1.000000000000000000e+03
1.000000000000000000e+03
3.495775574363275240e+00
1.750827031735725070e+00
1.679674872092653093e+00
6.558685659571435167e+01
1.000000000000000000e+03
1.000000000000000000e+03
1.000000000000000000e+03
3.495775574363275240e+00
1.750827031735725070e+00
1.679674872092653093e+00
6.558685659571435167e+01
1.000000000000000000e+03
1.000000000000000000e+03
1.000000000000000000e+03
3.495775574363275240e+00
1.750827031735725070e+00
1.656605958949913582e+00
6.650018030431118632e+01
1.000000000000000000e+03
1.000000000000000000e+03
1.000000000000000000e+03
3.495775574363275240e+00
1.726780903884356011e+00
1.656605958949913582e+00
6.742622241778335024e+01
1.000000000000000000e+03
1.000000000000000000e+03
1.000000000000000000e+03
3.495775574363275240e+00
1.726780903884356011e+00
1.656605958949913582e+00
6.836516004510238531e+01
1.000000000000000000e+03
1.000000000000000000e+03
1.000000000000000000e+03
3.544455673970435594e+00
1.726780903884356011e+00
1.656605958949913582e+00
6.931717276155400498e+01
1.000000000000000000e+03
1.000000000000000000e+03
1.000000000000000000e+03
3.544455673970435594e+00
1.726780903884356011e+00
1.633853877809862132e+00
6.931717276155400498e+01
1.000000000000000000e+03
1.000000000000000000e+03
1.000000000000000000e+03
3.544455673970435594e+00
1.726780903884356011e+00
1.633853877809862132e+00
7.028244264308352740e+01
1.000000000000000000e+03
1.000000000000000000e+03
1.000000000000000000e+03
3.544455673970435594e+00
1.703065029252844420e+00
1.633853877809862132e+00
7.126115430111745752e+01
1.000000000000000000e+03
1.000000000000000000e+03
1.000000000000000000e+03
3.544455673970435594e+00
1.703065029252844420e+00
1.633853877809862132e+00
7.225349491787206091e+01
1.000000000000000000e+03
1.000000000000000000e+03
1.000000000000000000e+03
3.544455673970435594e+00
1.703065029252844420e+00
1.633853877809862132e+00
7.325965428215229736e+01
1.000000000000000000e+03
1.000000000000000000e+03
1.000000000000000000e+03
3.544455673970435594e+00
1.703065029252844420e+00
1.611414277253019778e+00
7.325965428215229736e+01
1.000000000000000000e+03
1.000000000000000000e+03
1.000000000000000000e+03
3.544455673970435594e+00
1.679674872092653093e+00
1.611414277253019778e+00
7.427982482564910072e+01
1.000000000000000000e+03
1.000000000000000000e+03
1.000000000000000000e+03
3.544455673970435594e+00
1.679674872092653093e+00
1.611414277253019778e+00
7.531420165974375891e+01
1.000000000000000000e+03
1.000000000000000000e+03
1.000000000000000000e+03
3.544455673970435594e+00
1.679674872092653093e+00
1.611414277253019778e+00
7.636298261282242095e+01
1.000000000000000000e+03
1.000000000000000000e+03
1.000000000000000000e+03
3.544455673970435594e+00
1.679674872092653093e+00
1.589282865622978047e+00
7.636298261282242095e+01
1.000000000000000000e+03
1.000000000000000000e+03
1.000000000000000000e+03
3.544455673970435594e+00
1.679674872092653093e+00
1.589282865622978047e+00
